# Projected PCA examples
# The input examples projected on the first three eigenvectors (and in the 4th column the value of animal_class)

-0.1859070829768905 0.4947961811907955 0.41342625720317405 4
0.4519663275547593 -0.6137011732019356 -0.059859820335143615 0
-1.0622201276489127 -0.5933684220732032 -0.24299360883989515 3
0.9240402819131313 -0.5330095557365371 0.5350743165359217 4
0.2404410935295229 0.24233096756868694 0.13370011526481237 2
0.41830966686762394 0.17580251900987715 -0.4992163067046984 2
0.7876288128268599 0.139760187340299 -0.4058345667494839 2
-0.11153966172297888 0.5206385073454786 0.3027602426238288 4
-1.2001408823723696 -0.49298438069819184 -0.08359609111629762 3
0.6847895267390284 -0.5989508575281083 0.021155439805177825 0
-0.42116887205784537 0.33639098809029655 -0.2886510440430244 1
-0.6768433612064352 0.5920686684123994 0.23179719256560602 4
-0.5596873543988728 0.4342812499657373 0.4104070124645065 4
-0.32965544801214147 0.5159532942959382 0.23952997960170075 4
0.797601389002279 -0.5065151005680978 0.6496515620241582 4
-1.0458044698781495 -0.6010706976387142 -0.28917695435896046 3
0.6873867769295486 -0.6121033563423589 0.08669608329484331 2
0.7202545762102401 0.16502073390556274 -0.37663755358495343 1
-0.5651508812099973 -0.16084328025110506 0.20906197158802486 4
-0.15221060081418672 0.5245704977033948 0.30722899786606056 4
-0.09078794091838407 0.39904442405836904 -0.10994995181420453 4
0.0893706829655749 0.37869252464720815 -0.2264145257256059 4
0.2962431553378827 0.14909138370537423 -0.791759567865152 4
0.7603955466962878 0.2048796475072489 -0.28438607471640753 2
0.0927142245437822 0.40557714700181896 0.08325424076838035 2
-0.1936461327209972 0.009372452199325386 0.48734442526397553 4
0.49123815920346303 0.15324160136564202 -0.5933051487851175 4
0.21885136361357688 0.315796887056267 -0.24790505936254642 2
0.4966266853776031 -0.48246674603236434 0.2834958739491251 2
-0.54711687111389 0.509810407153695 0.322822768950939 4
0.9666071175057233 -0.5868080842164051 0.4341681365956024 4
-0.7642845728894676 0.5799192923256171 0.3405558438475289 4
1.1565703519619854 -0.6133613461884003 0.07936449430207779 2
-1.0892954399767911 -0.6148926380304348 -0.03716659414662796 3
0.08775164158489356 0.4245105275752251 0.06641263890789627 4
0.4092116498999541 -0.15130460238524301 -0.05701157232458504 4
-1.2015235685040475 -0.5109061814732501 -0.20401170376210864 3
0.45937907928777016 0.2982218007494177 -0.2214558375604056 2
-1.0326295852748792 -0.5094073671890152 0.04537767458844077 3
-1.1317022601009004 -0.5594986586440266 -0.3379288745268914 3
0.4435444087313733 0.259296708957146 -0.3581055529967849 2
0.5544418877530293 0.28989950019035704 -0.03015721595430937 2
0.22146778653108132 -0.19254881366825033 0.07653000137082036 2
-0.0955170787688371 0.41477316254446084 -0.014291644109400155 4
