# Projected PCA examples
# The input examples projected on the first three eigenvectors (and in the 4th column the value of leg)

0.15887223054445854 -0.4891198811433827 -0.392789641139223 2.0 
-0.4545894719072455 0.6016614355430231 0.015431427225016156 0.0 
1.0405325623611543 0.5981845784961263 0.32705604489260975 1.0 
-0.8889565825986931 0.5397244902016817 -0.5277517341888889 0.0 
-0.20050669833589427 -0.2153199901584321 -0.012269812235051747 2.0 
-0.42516083857470627 -0.17637793549604883 0.4894993799236045 2.0 
-0.7813120207396139 -0.13449139645870498 0.4732102451245138 2.0 
0.09871604989376778 -0.5179325349001135 -0.3602992707096004 2.0 
1.1809455603133183 0.4789459769486738 0.04557617116571175 1.0 
-0.6610334644388293 0.5896920920880119 -0.10215399452176817 0.0 
0.37944392303906044 -0.37955694968272713 0.15965840666295225 2.0 
0.6542968412200313 -0.591184846944636 -0.2533557481126487 2.0 
0.5610154277152598 -0.43370178738848864 -0.4071084225038934 2.0 
0.3397552018744907 -0.5162252295734715 -0.2963421804911622 2.0 
-0.7677529621269915 0.5203494935178982 -0.6358982697985873 0.0 
1.0504806350020983 0.5876643408534076 0.26195139877737605 1.0 
-0.6819261631647764 0.6030389920234639 -0.11226648309622919 0.0 
-0.703498511533164 -0.1634975461609424 0.39059536532595346 2.0 
0.4500351445144331 0.17014795050310044 -0.06625993503721422 1.0 
0.16289707859948863 -0.5215574673314319 -0.3448935259635242 2.0 
0.09954461715161395 -0.3976597635889761 0.021830189870433975 2.0 
-0.07076313915323104 -0.38528207543403864 0.1454677631873857 2.0 
-0.32629084703681144 -0.1549807179586119 0.8731071311277951 2.0 
-0.738026201600362 -0.2028978727265664 0.31160743559417653 2.0 
-0.13362730616526136 -0.409599134543762 -0.16536631426286613 2.0 
0.18957309485305796 0.002778324581797692 -0.5300439134623441 1.0 
-0.4788847393169546 -0.15095859005516038 0.6003572858039476 2.0 
-0.21853969760812608 -0.3105460349586275 0.3865708678039574 2.0 
-0.47944939083129967 0.4897172488034368 -0.29881219557989414 0.0 
0.5335106483973392 -0.5002892993148502 -0.28020790599265244 2.0 
-0.9376990588430117 0.6013717042614215 -0.3782980401644071 0.0 
0.7526557478450118 -0.5767730636232439 -0.34309639931775165 2.0 
-1.0819122894981497 0.6191603581564474 -0.24270301396949262 0.0 
1.1190957591489752 0.6149208686147072 0.042425702216295665 1.0 
-0.07688951815577746 -0.4244371227249706 -0.11798921818301254 2.0 
-0.40125328213045647 0.14201286240861302 0.00897838254309907 1.0 
1.1784214591850677 0.5008029542332938 0.20581553955387477 1.0 
-0.4559905923707993 -0.300939215179794 0.30509050598552 2.0 
1.0444256131230507 0.5083182892840284 0.007177831227534598 1.0 
1.110761587316199 0.5326609439923603 0.32844023447855947 1.0 
-0.42372714688553165 -0.2610137262970059 0.28429909005435694 2.0 
-0.5522021612485974 -0.28368242297152263 0.08902326386007967 2.0 
-0.26762410151946775 0.20796172775806954 0.11781434264834692 1.0 
0.10263700368587347 -0.4110900276540507 -0.02307798632288502 2.0 
