# Projected PCA examples
# The input examples projected on the first three eigenvectors (and in the 4th column the value of leg)

-0.2617893899116527 0.5383882906550447 -0.026491487137148356 2.0 
0.3563982382618614 -0.3769147415391693 0.15651817862629483 0.0 
-0.8006830292547723 -0.35263397467931107 -0.29946893606396874 1.0 
0.8439840474984566 0.42049649313584136 -0.20168043704047975 0.0 
0.23003874316248024 0.25001550803787614 -0.636998365891259 2.0 
0.4467080633426608 -0.3837005892059357 0.06396505627147869 2.0 
0.8471589224011586 -0.19187430235445638 -0.15606090028349365 2.0 
-0.18197821902194478 0.4496384905020295 0.2387810252157356 2.0 
-0.9672085653951341 -0.1960196165965197 0.06797370355619728 1.0 
0.604772327975565 -0.21883304017654645 0.21272627183118628 0.0 
-0.48576384595217553 -0.347179619645231 0.3322639687983182 2.0 
-0.796474685084888 0.2587241065148931 0.36352633746051444 2.0 
-0.6638398693059911 0.38382558502241687 -0.17446192386325918 2.0 
-0.4145656855445642 0.3285613541230682 0.23642476655936215 2.0 
0.7003757264003732 0.5073960074440027 -0.15985004276102255 0.0 
-0.781399997960073 -0.3929193467132994 -0.03117538176532375 1.0 
0.6075542640664096 -0.15237887588394736 0.020472522211153494 0.0 
0.7713918651672439 -0.16794288721542164 -0.007593018699725181 2.0 
-0.7029961453584012 -0.16482438084019582 -0.597779035287753 1.0 
-0.22543757899718783 0.450503625249828 0.2320572315389681 2.0 
-0.13669717434422862 -0.033519272854034415 0.35891220854820083 2.0 
0.06560766290803356 -0.09305045899779736 0.37005841973170084 2.0 
0.3272733896715208 -0.7204939719453776 0.01610214536080687 2.0 
0.8088144773181284 -0.03972085059422788 -0.03635512530447837 2.0 
0.0558367907911671 0.22481350745742118 0.2590445025939962 2.0 
-0.32327910484560773 0.3210149461247748 -0.050080260427256856 1.0 
0.530500251008785 -0.4711154987491614 0.08140047373973415 2.0 
0.2159934441700612 -0.07738870337192497 -0.2203968335314305 2.0 
0.38397271344828016 0.054397120138943794 0.14973884110111227 0.0 
-0.65152458524563 0.3498818054294001 0.02273703504898529 2.0 
0.8980371883078854 0.3024679945704129 -0.2792988145034967 0.0 
-0.8945814710490836 0.33344299331418104 0.20946056187411197 2.0 
1.115558817325785 -0.027053554434179748 0.2699289092627182 0.0 
-0.8344704181432403 -0.15328365437021238 -0.24922175496721832 1.0 
0.04925994205451705 0.22082363848145076 0.2790355295868083 2.0 
0.3616031682584505 -0.12092305439078785 0.007476026015602595 1.0 
-0.9608820377243003 -0.31392622930221453 -0.0060128739113042284 1.0 
0.47576242966196214 0.0025411493693396625 -0.13649816400546189 2.0 
-0.7862846334738336 -0.007798118973067602 -0.2777716474134922 1.0 
-0.8764923787880103 -0.446434229243043 -0.07356952990938168 1.0 
0.461881159891701 -0.19046731692861593 0.33355556479037557 2.0 
0.5716692636273966 0.20594131254593334 -0.2001829202009987 2.0 
0.15972704258655712 -0.051397274458128084 -0.633849413555083 1.0 
-0.1435311239057217 0.08891963534594463 0.17263758679967323 2.0 
