# Projected PCA examples
# The input examples projected on the first three eigenvectors (and in the 4th column the value of leg)

0.30389870466241287 -0.39331114316894256 0.164181986358103 2.0 
-0.39452537386426423 0.1869460104488419 -0.20810777412971354 0.0 
0.770659669157534 0.41258669250478736 0.27148950509616326 1.0 
-0.7828484887205833 -0.17467323620622738 0.1237969287812655 0.0 
-0.17726737465000533 0.17840890047636881 0.5004237248037922 2.0 
-0.48886861286822153 0.2049987954347962 0.04518313550681162 2.0 
-0.8475712160267582 0.229915696410952 0.05709518601939068 2.0 
0.20300201282810748 -0.48866105463364196 -0.00897724607457697 2.0 
0.9345919190695866 0.0972546260230486 -0.005538506650524536 1.0 
-0.6321092871473729 0.019766507239661314 -0.12754555522791727 0.0 
0.4440842973175287 0.09976282796698707 -0.41653354048829455 2.0 
0.7980187707491669 -0.37291701039438946 -0.34429900622939585 2.0 
0.699293058632211 -0.17777368301069846 0.1922513181912544 2.0 
0.42819362394909916 -0.37016929469228194 -0.1604319592873865 2.0 
-0.641563889827232 -0.2879831078423825 0.2230827312203484 0.0 
0.7453880991579749 0.32383183501089463 -0.061986758823408 1.0 
-0.6148686961548151 0.10391203327769205 -0.08049978092902622 0.0 
-0.7813072310175637 0.10984114681799548 0.0399333359912411 2.0 
0.7035377352634213 0.43170157471989645 0.6201320916990605 1.0 
0.24691303895818711 -0.4822885732032462 -0.01931000706321646 2.0 
0.10212636382892198 -0.24622464249796233 0.0605928775940264 2.0 
-0.0942630776858961 -0.1574660707233203 -0.23997342288317536 2.0 
-0.3779742490840092 0.5672265188892056 -0.37339771801739086 2.0 
-0.8013815527156928 0.05217360582356294 -0.017709640199676958 2.0 
-0.060172956245125975 -0.3775954586594483 0.17380806684838124 2.0 
0.3367182527514532 -0.27311737933517133 0.42780179511744226 1.0 
-0.5800108492884555 0.2559987534657029 0.04519057456637349 2.0 
-0.1850610645731748 0.3003022813751546 -0.4350409872296024 2.0 
-0.38636410988780395 -0.1428617816422701 -0.04299177648483232 0.0 
0.6777382015997616 -0.2502801157901823 -0.04923689734054767 2.0 
-0.8460662383448645 -0.05512689838493664 0.20984137249949247 0.0 
0.9123407781672922 -0.32487811072993356 -0.28007212241763013 2.0 
-1.131982482099048 -0.20081853913030506 0.0898557757143653 0.0 
0.8239501303618437 0.24392541529981698 0.298615744935547 1.0 
-0.047210806347424826 -0.3409029003401751 -0.09607681420440169 2.0 
-0.36571581201417136 0.09586528485942625 -0.08508462426119591 1.0 
0.9255364873588043 0.24448629803200522 -0.05936662389529872 1.0 
-0.44537416381836265 0.16255326383989901 -0.33655237409651395 2.0 
0.7974453581260865 0.20306204738316203 0.0339055345255667 1.0 
0.8449041181666308 0.4323480228933209 -0.2826087200609807 1.0 
-0.49936005123992905 -0.09257589777599234 -0.11107577997284401 2.0 
-0.5325763034956174 -0.0165028920860619 0.07951106335787961 2.0 
-0.11954201597235214 0.45792159419513445 0.19182196166189397 1.0 
0.1356452829827202 -0.18866194214073925 -0.006097074520852714 2.0 
