# Projected PCA examples
# The input examples projected on the first three eigenvectors (and in the 4th column the value of animal_class)

0.3258598105400116 0.34219415293753935 -0.13609917627777346 4.0 
-0.4142801507803015 -0.13632878014271124 0.17330169489686745 0.0 
0.7540258074269377 -0.4106301524232679 -0.2698556191010373 3.0 
-0.7497713919382177 0.11329122636307981 -0.06178002547366569 4.0 
-0.14921316346823235 -0.2690922698990603 -0.4006065779941304 2.0 
-0.5106304238354438 -0.16102838423767674 -0.0936429891170723 2.0 
-0.8469349585344882 -0.22947498303171157 -0.04277007224007909 2.0 
0.213933951720979 0.47437384251571624 -0.006553999601603111 4.0 
0.9164305901182711 -0.07100146716633993 -0.028359100017419786 3.0 
-0.6459103296693127 0.023617559674771523 0.08038857246190681 0.0 
0.42158260700072164 -0.034305963350760305 0.3641796399700205 1.0 
0.7980307278009671 0.3865778081657321 0.33076118760607404 4.0 
0.7173134819391966 0.12429486853714923 -0.14913059364168013 4.0 
0.434974782565925 0.36491985779684355 0.1567244448122907 4.0 
-0.6098394359171287 0.22473379884643083 -0.17661615238477735 4.0 
0.7255981046848742 -0.2915872435674758 0.039756738123532524 3.0 
-0.6181230831425015 -0.08850216351391219 0.07585781877140861 2.0 
-0.7857461946273218 -0.09460109110795575 -0.05602181914938858 1.0 
0.7030776025141168 -0.4773525744525965 -0.58694144890013 4.0 
0.25803817359893205 0.46700510167530007 0.006892374208651161 4.0 
0.08378869210148951 0.2919836890049094 -0.15586919387421522 4.0 
-0.10928917761896996 0.20603769068571326 0.1827439780910548 4.0 
-0.4044161597934055 -0.50303717145213 0.36463449311461443 4.0 
-0.796639589222211 -0.05306082589767906 0.027016584418452675 2.0 
-0.06236841505319152 0.38902365120647725 -0.24175764425140048 2.0 
0.3434983721974888 0.24312538275077863 -0.45142016242454114 4.0 
-0.6055684395146228 -0.20186808151550575 -0.10615923182763512 4.0 
-0.16858766975941272 -0.3245898718344397 0.5424472544325663 2.0 
-0.3872310942292216 0.1545688507326723 0.02093952109684861 2.0 
0.6908998510237432 0.21971619135245707 0.08000641165469255 4.0 
-0.8177651612346272 -0.0030696434954217942 -0.15074980100628746 4.0 
0.9207926559526981 0.3144857148907646 0.29820281875285404 4.0 
-1.1394859859941013 0.2357447796913742 -0.16583396123155336 2.0 
0.8175559801392147 -0.2546377115309259 -0.3040241065723794 3.0 
-0.04605440226184726 0.35146974303887424 0.0651046707412231 4.0 
-0.3675338384520482 -0.08491541862423005 0.08540901557404619 4.0 
0.9059281164085379 -0.21652115534245991 0.04084955366032687 3.0 
-0.42890506154369384 -0.18329541140391686 0.4169692082341914 2.0 
0.8025334933973419 -0.23408938393612652 0.024311229253775393 3.0 
0.8273349271159811 -0.40290840403451783 0.30001446408318666 3.0 
-0.5186246554816095 0.14768836548704936 0.03726771636635896 2.0 
-0.5113926550720554 -0.025099392082256505 -0.028099487597038376 2.0 
-0.0982470612420532 -0.5243151870622824 -0.07766934052157955 2.0 
0.1313607701385913 0.20046045575172344 -0.02381888711955255 4.0 
