# Projected PCA examples
# The input examples projected on the first three eigenvectors (and in the 4th column the value of wing)

-0.3054883321005663 -0.33964785319357377 0.07773051745308075 0.0 
0.418870250955018 0.10048983751063534 -0.14450697445326738 0.0 
-0.712393131170537 0.46343639002513765 0.27725233223662066 1.0 
0.708952126889805 -0.17579043244108236 0.08475771515679412 0.0 
0.10720094000557462 0.30355630105694803 0.43259595011904844 0.0 
0.522842288435116 0.16136182458900028 0.08147917278361844 0.0 
0.8482035649402375 0.27296878990951945 0.03840997639089953 0.0 
-0.21122764630853494 -0.49737526996338605 -0.04186486843392303 0.0 
-0.8876332242302079 0.041543966446381995 0.048865336361184585 1.0 
0.6195927919652954 -0.08375733366812695 -0.046962551028450046 0.0 
-0.3872382330074877 -0.0788155275098785 -0.32115558442504133 0.0 
-0.7841465510345882 -0.3158734552942978 -0.3864238496424632 0.0 
-0.7308359751820833 -0.1479520412720518 0.1741762844909403 0.0 
-0.4579927761755553 -0.3628764675019133 -0.17187186945098512 0.0 
0.574439443657597 -0.26958412818430544 0.1770430586209325 0.0 
-0.7192040081669553 0.2685372325632217 0.021452990418444128 1.0 
0.6133586590134116 0.03680026578361913 -0.04666954878621913 0.0 
0.772388291106738 0.1110236744925812 0.05706509032275186 0.0 
-0.5740063299691983 0.4573140262423969 0.5475643883964388 0.0 
-0.2805191733438142 -0.44496222705163363 -0.04777113845707348 0.0 
-0.099464270943095 -0.2995988059605352 0.12240031971004897 0.0 
0.08388883315862473 -0.20169721190166917 -0.19509555446142351 0.0 
0.4492299996775656 0.602571408165691 -0.3756887034451699 0.0 
0.7760926715695098 0.08022128933217589 -0.026153810989941864 0.0 
0.09903864792006747 -0.4693932511469247 0.17594668894911722 0.0 
-0.34826518850925003 -0.31026560908156203 0.4367276094067339 0.0 
0.5995117657182478 0.24764671317966275 0.1001160860803663 0.0 
0.17361142636222024 0.45750409676859843 -0.5456202045091766 0.0 
0.3683432853149663 -0.14296225978712282 -0.035879216830079434 0.0 
-0.6839269205026658 -0.14428386397872622 -0.11352804880169076 0.0 
0.7889231445011151 -0.015225845843901133 0.15853961659236993 0.0 
-0.9198099746696959 -0.2484141271146972 -0.3249603144272789 0.0 
1.0553297887385262 -0.36967777268755175 0.21045097137776808 0.0 
-0.8394951229948439 0.2389118641538201 0.3779164953488413 1.0 
0.027050181322027918 -0.3422282591727419 -0.09491150803410534 0.0 
0.3562005100197267 0.01510542178809142 -0.05240425683644183 0.0 
-0.8692961025067103 0.2262806957211144 -0.024422869206107842 1.0 
0.42797115137390107 0.25316389210488616 -0.41661263358191764 0.0 
-0.8049128256596045 0.2598374798644902 0.025688078211009893 1.0 
-0.7940253744419966 0.3784317136882344 -0.23438144046633613 1.0 
0.49659810771750523 -0.1511684056884539 -0.048156201848493216 0.0 
0.5098058934570019 0.03723570948667296 0.008619392631871255 0.0 
0.1574035183171561 0.5870408441230163 0.06292473695583833 0.0 
-0.14496612121956173 -0.18943328855175529 -0.0026816598991393427 0.0 
