# detrended QQ Diagram data for projected data on eigenvector 1
-0.49737526996338605 0.17885257926480352 
-0.4693932511469247 0.07200836626520107 
-0.44496222705163363 0.024676517332214765 
-0.36967777268755175 0.0483316271977805 
-0.3628764675019133 0.013743219508706384 
-0.3422282591727419 -7.435043678823416E-4 
-0.33964785319357377 -0.02907105779643343 
-0.3158734552942978 -0.03315932649120257 
-0.31026560908156203 -0.053122345865123544 
-0.2995988059605352 -0.06624730231385925 
-0.26958412818430544 -0.05861187508969337 
-0.2484141271146972 -0.05868135699853139 
-0.20169721190166917 -0.032273877269616696 
-0.18943328855175529 -0.03955525000362925 
-0.17579043244108236 -0.04482816135533926 
-0.1511684056884539 -0.03860415822760299 
-0.1479520412720518 -0.05336296517850475 
-0.14428386397872622 -0.06732939385649765 
-0.14296225978712282 -0.08337470993963877 
-0.08375733366812695 -0.04133495313955595 
-0.0788155275098785 -0.0534175192125904 
-0.015225845843901133 -0.006769016630890365 
0.01510542178809142 0.006648592575080332 
0.03680026578361913 0.011402257486330752 
0.03723570948667296 -0.005186671041898315 
0.041543966446381995 -0.01804358340110241 
0.08022128933217589 0.0032668192099470084 
0.10048983751063534 0.00590076141708798 
0.1110236744925812 -0.0015405729682700237 
0.16136182458900028 0.030399553503256904 
0.2262806957211144 0.076402657172988 
0.2389118641538201 0.06948852952176723 
0.24764671317966275 0.05791394306349659 
0.25316389210488616 0.04219163901027376 
0.2598374798644902 0.026485976217813928 
0.2685372325632217 0.011393969346782884 
0.27296878990951945 -0.009745338893576094 
0.30355630105694803 -0.00702049434019264 
0.3784317136882344 0.036946958883374514 
0.4573140262423969 0.08069433923177688 
0.45750409676859843 0.03949469688326601 
0.46343639002513765 -0.006202354358711137 
0.5870408441230163 0.04563922671089027 
0.602571408165691 -0.0736564410624988 
