# detrended QQ Diagram data for projected data on eigenvector 2
-0.5456202045091766 -0.02838403762074726 
-0.41661263358191764 -0.002502954932837864 
-0.3864238496424632 -0.027204476697906155 
-0.3756887034451699 -0.0559598132984655 
-0.3249603144272789 -0.03688977207024807 
-0.32115558442504133 -0.059959205382541125 
-0.23438144046633613 0.0031739210276583996 
-0.19509555446142351 0.02114808660454845 
-0.17187186945098512 0.024813014141219336 
-0.14450697445326738 0.033979962193332186 
-0.11352804880169076 0.04784134708317181 
-0.09491150803410534 0.05021213758329604 
-0.05240425683644183 0.07718501738016582 
-0.048156201848493216 0.06648317931255922 
-0.04777113845707348 0.05239986630220453 
-0.046962551028450046 0.03913609153970673 
-0.04666954878621913 0.025680164707516266 
-0.04186486843392303 0.016996409161168007 
-0.035879216830079434 0.009698373493305351 
-0.026153810989941864 0.006294408230731248 
-0.024422869206107842 -0.004996327585138509 
-0.0026816598991393427 0.003786837266661238 
0.008619392631871255 0.002150895466070981 
0.021452990418444128 0.002026448797475131 
0.025688078211009893 -0.006760141009662879 
0.03840997639089953 -0.007167613932484974 
0.048865336361184585 -0.009995941233906146 
0.05706509032275186 -0.015284623170983232 
0.06292473695583833 -0.023173905612318135 
0.07773051745308075 -0.02244048730619691 
0.08147917278361844 -0.033160208377433734 
0.08475771515679412 -0.04483155905981326 
0.1001160860803663 -0.04500755953703474 
0.12240031971004897 -0.038969076174813266 
0.15853961659236993 -0.019947320054229306 
0.1741762844909403 -0.022508599101263793 
0.17594668894911722 -0.04029695211685441 
0.1770430586209325 -0.060512302873061696 
0.21045097137776808 -0.05074540766473179 
0.27725233223662066 -0.010818210120409844 
0.3779164953488413 0.05818760520213734 
0.43259595011904844 0.07337657717449164 
0.4367276094067339 0.022617930757654447 
0.5475643883964388 0.030328221508009734 
