# QQ Diagram data for projected data on eigenvector 2
-0.5456202045091766 -0.5172361668884293 
-0.41661263358191764 -0.41410967864907977 
-0.3864238496424632 -0.359219372944557 
-0.3756887034451699 -0.3197288901467044 
-0.3249603144272789 -0.28807054235703083 
-0.32115558442504133 -0.2611963790425002 
-0.23438144046633613 -0.23755536149399453 
-0.19509555446142351 -0.21624364106597196 
-0.17187186945098512 -0.19668488359220446 
-0.14450697445326738 -0.17848693664659956 
-0.11352804880169076 -0.16136939588486257 
-0.09491150803410534 -0.14512364561740138 
-0.05240425683644183 -0.12958927421660765 
-0.048156201848493216 -0.11463938116105243 
-0.04777113845707348 -0.10017100475927801 
-0.046962551028450046 -0.08609864256815677 
-0.04666954878621913 -0.0723497134937354 
-0.04186486843392303 -0.058861277595091036 
-0.035879216830079434 -0.045577590323384785 
-0.026153810989941864 -0.03244821922067311 
-0.024422869206107842 -0.019426541620969334 
-0.0026816598991393427 -0.006468497165800581 
0.008619392631871255 0.006468497165800274 
0.021452990418444128 0.019426541620968997 
0.025688078211009893 0.03244821922067277 
0.03840997639089953 0.04557759032338451 
0.048865336361184585 0.05886127759509073 
0.05706509032275186 0.07234971349373509 
0.06292473695583833 0.08609864256815647 
0.07773051745308075 0.10017100475927766 
0.08147917278361844 0.11463938116105217 
0.08475771515679412 0.12958927421660738 
0.1001160860803663 0.14512364561740104 
0.12240031971004897 0.16136939588486224 
0.15853961659236993 0.17848693664659923 
0.1741762844909403 0.1966848835922041 
0.17594668894911722 0.21624364106597163 
0.1770430586209325 0.2375553614939942 
0.21045097137776808 0.26119637904249987 
0.27725233223662066 0.2880705423570305 
0.3779164953488413 0.31972889014670397 
0.43259595011904844 0.3592193729445568 
0.4367276094067339 0.41410967864907944 
0.5475643883964388 0.5172361668884291 
