# QQ Diagram data for projected data on eigenvector 1
-0.49737526996338605 -0.6762278492281896 
-0.4693932511469247 -0.5414016174121258 
-0.44496222705163363 -0.4696387443838484 
-0.36967777268755175 -0.41800939988533226 
-0.3628764675019133 -0.3766196870106197 
-0.3422282591727419 -0.34148475480485957 
-0.33964785319357377 -0.31057679539714034 
-0.3158734552942978 -0.2827141288030952 
-0.31026560908156203 -0.2571432632164385 
-0.2995988059605352 -0.23335150364667592 
-0.26958412818430544 -0.21097225309461207 
-0.2484141271146972 -0.18973277011616582 
-0.20169721190166917 -0.16942333463205247 
-0.18943328855175529 -0.14987803854812604 
-0.17579043244108236 -0.1309622710857431 
-0.1511684056884539 -0.11256424746085092 
-0.1479520412720518 -0.09458907609354705 
-0.14428386397872622 -0.07695447012222857 
-0.14296225978712282 -0.05958754984748405 
-0.08375733366812695 -0.042422380528570995 
-0.0788155275098785 -0.025398008297288097 
-0.015225845843901133 -0.008456829213010768 
0.01510542178809142 0.008456829213011087 
0.03680026578361913 0.025398008297288374 
0.03723570948667296 0.04242238052857127 
0.041543966446381995 0.059587549847484406 
0.08022128933217589 0.07695447012222888 
0.10048983751063534 0.09458907609354736 
0.1110236744925812 0.11256424746085122 
0.16136182458900028 0.13096227108574338 
0.2262806957211144 0.1498780385481264 
0.2389118641538201 0.16942333463205286 
0.24764671317966275 0.18973277011616616 
0.25316389210488616 0.2109722530946124 
0.2598374798644902 0.23335150364667626 
0.2685372325632217 0.2571432632164388 
0.27296878990951945 0.28271412880309554 
0.30355630105694803 0.31057679539714067 
0.3784317136882344 0.3414847548048599 
0.4573140262423969 0.37661968701062004 
0.45750409676859843 0.4180093998853324 
0.46343639002513765 0.4696387443838488 
0.5870408441230163 0.541401617412126 
0.602571408165691 0.6762278492281898 
