# QQ Diagram data for projected data on eigenvector 0
-0.9198099746696959 -1.346174344960386 
-0.8876332242302079 -1.077774256875252 
-0.8692961025067103 -0.9349151026692004 
-0.8394951229948439 -0.8321359889572317 
-0.8049128256596045 -0.7497410244777181 
-0.7940253744419966 -0.6797975218531223 
-0.7841465510345882 -0.618268701268112 
-0.7308359751820833 -0.5628021791574093 
-0.7192040081669553 -0.5118979709523256 
-0.712393131170537 -0.46453544899935506 
-0.6839269205026658 -0.4199848245507857 
-0.5740063299691983 -0.3777031481625083 
-0.4579927761755553 -0.3372729277263846 
-0.3872382330074877 -0.29836388814325165 
-0.34826518850925003 -0.2607080582300656 
-0.3054883321005663 -0.22408290676658676 
-0.2805191733438142 -0.18829953202307548 
-0.21122764630853494 -0.15319412462352974 
-0.14496612121956173 -0.11862160213496785 
-0.099464270943095 -0.08445070753132893 
0.027050181322027918 -0.05056009926524498 
0.08388883315862473 -0.016835104527653317 
0.09903864792006747 0.016835104527653567 
0.10720094000557462 0.05056009926524515 
0.1574035183171561 0.08445070753132908 
0.17361142636222024 0.11862160213496817 
0.3562005100197267 0.15319412462353002 
0.3683432853149663 0.18829953202307576 
0.418870250955018 0.22408290676658704 
0.42797115137390107 0.2607080582300657 
0.4492299996775656 0.298363888143252 
0.49659810771750523 0.33727292772638495 
0.5098058934570019 0.3777031481625085 
0.522842288435116 0.4199848245507859 
0.574439443657597 0.4645354489993553 
0.5995117657182478 0.5118979709523257 
0.6133586590134116 0.5628021791574095 
0.6195927919652954 0.6182687012681122 
0.708952126889805 0.6797975218531225 
0.772388291106738 0.7497410244777183 
0.7760926715695098 0.8321359889572317 
0.7889231445011151 0.9349151026692007 
0.8482035649402375 1.0777742568752524 
1.0553297887385262 1.3461743449603865 
