# detrended QQ Diagram data for projected data on eigenvector 0
-0.9198099746696959 0.4263643702906901 
-0.8876332242302079 0.19014103264504412 
-0.8692961025067103 0.06561900016249012 
-0.8394951229948439 -0.007359134037612125 
-0.8049128256596045 -0.05517180118188647 
-0.7940253744419966 -0.11422785258887436 
-0.7841465510345882 -0.16587784976647624 
-0.7308359751820833 -0.16803379602467405 
-0.7192040081669553 -0.2073060372146297 
-0.712393131170537 -0.24785768217118198 
-0.6839269205026658 -0.2639420959518801 
-0.5740063299691983 -0.19630318180669004 
-0.4579927761755553 -0.12071984844917066 
-0.3872382330074877 -0.08887434486423607 
-0.34826518850925003 -0.08755713027918444 
-0.3054883321005663 -0.08140542533397954 
-0.2805191733438142 -0.09221964132073873 
-0.21122764630853494 -0.058033521685005196 
-0.14496612121956173 -0.026344519084593884 
-0.099464270943095 -0.015013563411766073 
0.027050181322027918 0.0776102805872729 
0.08388883315862473 0.10072393768627805 
0.09903864792006747 0.08220354339241391 
0.10720094000557462 0.05664084074032947 
0.1574035183171561 0.07295281078582702 
0.17361142636222024 0.05498982422725207 
0.3562005100197267 0.20300638539619667 
0.3683432853149663 0.18004375329189054 
0.418870250955018 0.19478734418843097 
0.42797115137390107 0.16726309314383536 
0.4492299996775656 0.15086611153431362 
0.49659810771750523 0.15932517999112028 
0.5098058934570019 0.1321027452944934 
0.522842288435116 0.10285746388433015 
0.574439443657597 0.10990399465824174 
0.5995117657182478 0.08761379476592213 
0.6133586590134116 0.05055647985600209 
0.6195927919652954 0.0013240906971832 
0.708952126889805 0.029154605036682546 
0.772388291106738 0.022647266629019724 
0.7760926715695098 -0.05604331738772195 
0.7889231445011151 -0.14599195816808563 
0.8482035649402375 -0.2295706919350149 
1.0553297887385262 -0.29084455622186023 
