# Original PCA examples
# neck (0-7), back (5-13), tail (11-19), wings, floored legs, length upper arm, length lower arm, length hand, length upper leg, length lower leg, length foot, weight, animal class

356.99153 520.12712 376.77341 503.42587 421.03184 490.28435 472.45763 491.52542 526.48306 493.64407 627.11864 569.91526 804.02542 548.7288100000001 940.67795 510.59321 895.12712 385.59322 972.45762 238.34745999999996 0.0 2.0 194.7107712319276 149.68523817606393 66.26056939250067 245.67594426059813 139.92077076688253 38.26043774991734 4000.0 4.0 
234.33178 268.07039 234.33178 268.07039 234.33178 268.07039 234.33178 268.07039 426.43101 286.84997 443.45277 259.93726000000004 561.04129 244.19154000000003 606.73357 236.70101 735.57083 239.69722000000002 819.46485 237.45005000000003 0.0 0.0 0.0 0.0 150.11942002725428 0.0 0.0 131.88666061858493 2.0 0.0 
277.89896 947.55305 383.51554 874.89483 66.66578 687.63138 342.31758 644.18626 392.50419 637.44479 476.39822 582.76385 536.32252 537.0715700000001 605.98452 480.14347999999995 821.71201 217.97465 901.86077 10.486750000000029 1.0 1.0 227.50774615209238 211.81805659118345 256.4215891963378 198.90728322716842 253.08043935285974 222.48031579939584 1.0 3.0 
274.89407 142.47880999999995 280.36 142.84437000000003 297.64196 140.48176999999998 305.26604 144.52973999999995 410.99555 195.88212999999996 607.99669 173.49226 731.82556 153.55602999999996 801.04519 139.20952 835.27543 137.18219999999997 907.30932 126.58897999999999 0.0 0.0 24.01137436944629 24.577212542851555 99.07794128619751 0.0 0.0 0.0 120000.0 4.0 
43.432203 664.19492 156.77966 699.15255 214.74255 375.16255 417.22297 334.82704 492.12835 319.09691999999995 571.52804 296.62531 658.41829 220.22181999999998 770.02731 103.36942999999997 755.04622 8.988650000000007 999.98682 14.232020000000034 0.0 2.0 106.75133610312935 72.06504996898637 47.81345832584169 114.07403810649687 69.18110815883551 26.851246957212236 25000.0 2.0 
179.77291 262.16882999999996 214.97844 269.65936999999997 241.56985 272.84285 274.90274 279.39707 422.46634 311.60637999999994 515.34901 309.35922000000005 624.71086 211.98221999999998 651.96409 192.50257999999997 754.76695 11.12288000000001 984.63983 11.12288000000001 0.0 2.0 100.94733280405977 105.78644318970274 57.929514500166476 97.10001795365639 79.53032608838583 51.548831999984266 1.0 2.0 
133.51884 168.34983999999997 153.83692 167.50716 189.97878 171.81421 210.48412 172.28237000000001 355.0515 176.02764000000002 415.72486 131.08441000000005 492.8774 97.37698999999998 683.84802 13.609910000000013 914.19492 23.834749999999985 994.17373 29.131359999999972 0.0 2.0 21.50840965617868 69.04716292990248 44.08930659847578 24.798089845445716 59.1444266095547 43.885225151182716 250.0 2.0 
153.55603 539.31873 228.46141 289.13476 301.86868 382.76648 463.6643 476.39820999999995 605.98452 546.0602200000001 668.90504 538.5696800000001 877.89105 493.62645 911.59847 486.13590999999997 955.04359 438.19647 941.56062 342.31758 0.0 2.0 97.94002669308045 146.97115626124224 150.51695128657434 123.18234811577875 156.26346363137162 134.58394130524513 500.0 4.0 
443.85593 873.94068 493.11441 780.72034 352.33233 735.58818 426.96066 642.6881599999999 446.37103 615.2705100000001 484.6701 647.2631 666.30997 516.1513 717.6835 488.34074 740.46611 460.27542000000005 776.48305 495.76271 1.0 1.0 151.84502619254997 218.15347849246228 187.50300047307195 175.27752334423633 292.15786004120326 319.3816464011132 0.2 3.0 
215.72749 177.52575000000002 215.72749 177.52575000000002 215.72749 177.52575000000002 215.72749 177.52575000000002 395.80421 212.39896 551.20359 184.96304999999995 644.18626 186.51439000000005 791.02082 183.9398 818.32627 176.90678000000003 831.03814 194.38558999999998 0.0 0.0 0.0 0.0 137.68333710099597 0.0 0.0 125.7986806158801 10.0 0.0 
318.85593 477.75424 352.75424 475.63559 370.41878 473.72585000000004 404.48905 474.15106000000003 441.94174 474.90011000000004 548.30738 480.14347999999995 585.01101 483.88874999999996 585.01101 483.88874999999996 585.01101 483.88874999999996 585.01101 483.88874999999996 0.0 2.0 144.6663166222145 105.61923628350661 183.8221357174334 269.5615534148577 340.40024299004085 563.8788153452983 0.01 1.0 
187.26345 678.64274 230.70857 612.726 269.65937 510.8547 344.56475 561.79035 437.44742 621.71465 514.56232 694.62345 791.71222 699.1177700000001 914.99224 711.79485 861.75848 630.2966200000001 982.52119 688.0296599999999 0.0 2.0 141.747419788314 220.34058559775903 240.56320325899594 177.4625304561596 240.24172211734944 299.65897871845334 40.0 4.0 
353.55339 862.9099699999999 387.26081 788.00459 367.48427 528.39319 485.23629 553.33136 535.70198 580.69199 664.84304 574.6527699999999 721.39204 550.6077700000001 853.14285 484.12927 777.01272 457.09745999999996 792.37288 354.34322 0.0 2.0 108.23762928337354 174.53595954872156 214.50813368874626 113.097202197958 152.82533674486208 223.23813785158887 1500.0 4.0 
194.91525 605.9322 268.00848 502.11865 321.68996 395.86834 404.48905 447.93417 498.86983 528.8319799999999 551.30359 572.2771 835.94404 543.81306 851.06009 541.4373800000001 894.67404 541.4061899999999 909.61614 531.38161 0.0 2.0 138.48382500802688 197.4833157346118 123.95878684742326 128.819834124601 221.46164512407137 127.55926484231907 200.0 4.0 
402.54237 194.91525000000001 402.54237 194.91525000000001 402.54237 194.91525000000001 402.54237 194.91525000000001 530.72033 228.81356000000005 629.23729 165.25423999999998 791.84323 167.90254000000004 811.44069 166.84320000000002 876.05932 162.07627000000002 987.28814 184.85170000000005 0.0 0.0 29.934050088917147 43.96504822112788 86.03365451424929 0.0 0.0 0.0 70000.0 4.0 
387.26081 843.43458 543.81306 694.3728699999999 91.372563 699.47509 241.93837 554.97829 269.90283 527.3165300000001 421.72198 591.77925 599.57627 476.69492 678.56015 420.06354 685.38422 413.47769000000005 761.78771 422.46633999999995 1.0 1.0 277.70507288873245 312.0031619175058 272.0829035133645 117.06587042131667 211.04183984945263 218.7557678817772 0.3 3.0 
238.61229 186.97033999999996 263.24153 192.26694999999995 280.05991 202.58173999999997 316.80432 210.40103999999997 374.72747 222.51441999999997 498.77895 194.05817000000002 572.93528 182.82236 704.66294 152.72099000000003 735.16949 165.25423 819.91526 177.96609999999998 0.0 0.0 55.574040546976654 0.0 124.44780071138348 9.830880902670998 21.995291125193127 45.92194252677256 90.0 2.0 
207.09746 151.48305000000005 248.41102 157.30931999999996 255.29662 157.83898999999997 289.72458 158.89831000000004 339.51272 157.83898 536.54662 148.30508999999995 567.26695 143.00847 702.33051 113.87711000000002 870.76271 30.720339999999965 977.75424 68.85592999999994 0.0 2.0 126.54832267286359 132.9396382229183 0.0 36.122928837138936 35.753100836477095 71.90233264067174 80.0 1.0 
314.61864 936.970342 343.75 919.491528 329.83756 859.41925 346.06285 826.95539 434.4512 708.6048900000001 506.36036 516.84712 552.8017 425.46256000000005 698.11814 -2.9962000000000444 870.40051 116.85239999999999 892.87212 119.84861000000001 0.0 1.0 143.62020131465664 198.51334392746196 69.84620348801289 150.96825688846542 339.5156057699454 195.22877854747748 50.0 4.0 
230.9322 497.3517 290.7839 462.39407000000006 365.99577 347.45762 408.89831 393.00847 500.52966 503.70763 634.78226 538.5531100000001 810.35174 562.96272 1065.4091 585.4252 958.53587 390.8366 953.91949 320.44492 0.0 2.0 116.1057560854108 113.005378294825 150.6445731286053 150.2034994192576 176.8663334180957 221.27472052944077 500.0 4.0 
206.5678 453.38982999999996 264.83051 443.85592999999994 284.81906 347.55515 319.84597 379.02121999999997 413.65032 482.66327 694.65463 641.44708 829.20255 408.98337000000004 971.89734 103.36941999999999 973.76993 312.35542999999996 985.38027 378.64669000000004 0.0 2.0 161.76267966098976 233.51504932686316 82.55239299120338 188.6069295935897 222.16106996163842 182.45265630261596 1.0 4.0 
181.14407 338.98305000000005 263.77119 243.64407000000006 295.55085 271.18643999999995 312.5 287.07627 423.72881 420.55084999999997 445.97458 500.0 743.64407 403.60170000000005 807.20339 376.05933000000005 858.05085 375.0 931.14407 284.95763 0.0 2.0 155.63474231910337 141.46610050696177 70.81035487897796 149.03065250546172 167.95934630735417 157.27721617161276 4.0 4.0 
108.05085 263.77119000000005 127.38347 273.56992 150.9534 284.95762 158.89831 288.13559 273.6815 337.87696000000005 324.6107 264.52292 360.74971 255.23693000000003 615.13378 167.40720999999996 322.84218 164.04278 990.24912 182.76913000000002 0.0 2.0 85.76747398976435 122.48117742728064 110.68267224985534 210.173340227541 226.0312448875903 211.5682470963034 0.1 4.0 
188.0125 142.32021999999995 211.23317 122.84482000000003 245.68965 128.83725000000004 307.11206 138.57494999999994 391.38061 152.05791999999997 484.26328 152.05791999999997 557.63878 146.56131000000005 819.47349 130.50066000000004 778.11937 87.69376999999997 969.30736 81.52886000000001 0.0 2.0 88.24580221287864 63.13528281191506 55.61755869034529 71.42572215505136 70.38315974127046 65.63630803792819 500.0 2.0 
143.00847 305.08475 481.99152 239.40678000000003 312.49999 395.12712 382.41525 448.09322 493.64407 550.84746 778.6017 551.90678 896.18644 389.83051 966.10169 282.83898999999997 888.77119 231.99152000000004 968.22034 181.14407000000006 0.0 2.0 172.32958718246297 133.6342142107121 66.15888144538495 128.51020988294192 139.45280991541506 90.75924301241224 50.0 2.0 
181.27102 693.62381 283.89139 649.80417 249.43491 557.67055 416.47391 527.3338699999999 582.43075 498.76793 795.36661 532.1540600000001 914.84069 378.22349999999994 954.16601 328.03689999999995 1001.1104 237.45005000000003 935.19366 156.17772000000002 0.0 1.0 125.73844567502019 187.6047169978543 152.5570820403514 82.90506454427246 185.38438659798734 227.40907460268383 200.0 4.0 
181.14407 277.01270999999997 210.80509 235.69915000000003 213.45338 183.79237999999998 251.58898 217.16102 365.4661 322.0339 415.7839 281.25 530.19068 189.08898 744.17374 -5.296600000000012 890.36017 29.131349999999998 990.4661 24.36441000000002 0.0 2.0 82.42485143226708 93.49979428105983 76.29509034652297 115.49828918147529 146.85322975168955 102.30070859116663 0.1 4.0 
110.16949 387.71186 38.135593 337.39407000000006 88.188555 271.98094000000003 126.05932 284.95763 193.85593 304.02542000000005 122.88136 427.96610999999996 440.67797 416.31356000000005 564.61866 408.89831000000004 707.62712 290.25424 989.40678 378.17796 0.0 2.0 89.92545802659444 87.18033499449862 51.092384427084696 161.80343136381902 163.67982686371155 106.74081570125837 4000.0 2.0 
182.20339 268.00847999999996 230.40255 265.88984000000005 275.77828 218.77003000000002 381.26838 248.68586000000005 492.8774 287.63666 565.53561 321.69197999999994 707.10678 273.75253999999995 779.15 249.83559000000002 875.52966 234.63982999999996 990.4661 213.98305000000005 0.0 0.0 92.16253665121529 0.0 184.71505073210358 118.85668131882747 0.0 214.11542587979034 100.0 2.0 
153.6017 774.36441 292.90254 690.67797 239.42146 538.00414 316.4798 555.28385 452.17635 586.7129199999999 569.65998 573.2611400000001 710.48209 586.74411 844.69299 597.21703 966.63136 609.1101699999999 965.04237 446.50424 0.0 2.0 138.22427194494932 184.60794867643628 173.21778749385436 167.87496438115028 158.10535941157244 214.49636293924095 600.0 4.0 
332.62712 146.71609999999998 332.62712 146.71609999999998 332.62712 146.71609999999998 332.62712 146.71609999999998 412.60594 186.44068000000004 549.25848 153.60170000000005 673.19915 101.69492000000002 736.22881 77.33051999999998 838.45339 48.72880999999995 993.64407 48.72880999999995 0.0 0.0 25.866762737153564 23.413170964638685 49.88102444753317 0.0 0.0 0.0 50000.0 4.0 
222.45763 851.16526 226.16525 616.5254199999999 302.43645 578.9195 330.50848 596.39831 475.63559 674.78813 590.57204 649.36441 751.05932 697.56356 780.19067 706.5678 855.40254 709.2161 917.37288 664.19492 0.0 2.0 125.64471368539195 193.0830508627117 249.2672746811598 183.60835365434357 226.7839968977639 295.30306663168136 200.0 4.0 
92.005099 44.216229999999996 92.005099 44.216229999999996 92.005099 44.216229999999996 92.005099 44.216229999999996 124.51398 41.91583000000003 917.09888 41.76526000000001 946.36521 42.824589999999944 946.36521 42.824589999999944 946.36521 42.824589999999944 946.36521 42.824589999999944 0.0 0.0 0.0 0.0 0.0 0.0 0.0 0.0 50.0 2.0 
303.26346 945.770777 844.97927 921.048869 -32.352319 667.25416 343.81569 547.5583300000001 457.67187 516.09806 508.23299 555.79792 650.17869 440.44363 769.27824 327.3365 829.95161 315.35164999999995 814.22147 412.72864000000004 1.0 1.0 290.91170111049723 234.782660030166 262.83676923782826 130.29661 213.66029701399648 259.62036355321305 14.0 3.0 
203.38983 366.52542000000005 241.52542 346.39831000000004 294.49152 311.44068000000004 329.44915 326.27119000000005 494.70339 403.60170000000005 595.33898 458.68643999999995 780.72034 387.71186 856.46186 356.19701999999995 1009.7987 470.86865 965.04237 343.22033999999996 0.0 2.0 78.1317312733598 93.76346493939097 102.89065001439636 116.66978802287468 113.72921320956453 138.48078922863272 100.0 4.0 
130.82627 311.70551 177.70127 292.37288 206.83263 283.89831000000004 233.05085 278.60170000000005 397.24576 245.76270999999997 458.42161 384.5339 675.84746 242.58474999999999 718.48518 214.77755000000002 749.73517 241.52543000000003 815.67797 122.88135999999997 0.0 1.0 56.30374168753085 98.76722692755231 107.67891817095904 40.60120841640684 97.66466285689873 142.2462864991635 100.0 4.0 
249.43491 878.6401 412.72864 821.71201 168.65364 748.58187 307.17032 643.9503 370.85972 607.20447 425.95393 675.3904 613.34746 538.13559 684.37997 495.00544 728.82934 447.18512 820.21391 452.42849 1.0 1.0 255.74347295060574 236.01316884771876 203.1317367919155 172.59148130064955 256.21581875572497 272.69055843708577 0.02 3.0 
69.915254 226.69492000000002 111.75848 247.88135999999997 148.83475 172.13984000000005 213.45339 214.51271999999994 282.30932 277.01271999999994 339.51272 326.27119000000005 483.05085 326.27119000000005 689.08898 320.97459000000003 583.68644 289.72456999999997 932.73305 259.00424 0.0 2.0 93.03355957762395 74.16011306593663 37.97340196067372 168.14340993580754 110.24331013374098 51.73354429241141 4500.0 2.0 
277.89896 961.785072 337.0742 892.12307 182.02008 632.2013999999999 346.81191 578.26953 393.25324 558.79413 494.3755 521.3414399999999 576.77142 508.60753 665.15977 489.88119 700.3653 498.12077 793.99702 429.95687999999996 1.0 1.0 183.60988050225674 58.02629672900475 77.45737768967007 113.364776026814 218.26275683744416 222.70088529057554 135.0 3.0 
205.50847 857.5211899999999 326.80085 774.89407 139.99667 670.45996 223.3352 600.3253199999999 253.32475 582.93928 320.07874 643.55372 476.51317 556.89312 557.90047 520.91016 605.98452 482.01612 632.2014 488.38307 1.0 1.0 206.3381447746645 249.56534001467932 238.90588550266085 163.6188295042963 185.81970370568698 218.39125040391178 1.0 3.0 
199.99736 206.73884999999996 229.95951 202.24451999999997 265.53957 210.85864000000004 280.14612 216.47654999999997 319.25985 236.54197 613.47505 236.70100000000002 725.83313 244.19154000000003 807.48 247.93681000000004 886.13064 238.19911000000002 991.74722 194.75399000000004 0.0 2.0 93.85617137169669 86.24371390021713 87.59927057450481 94.96158397885173 93.79637143697452 98.15891811738399 2.0 2.0 
186.84026 221.73551999999995 217.61115 223.05187 250.93301 232.95573000000002 292.88003 242.69343000000003 412.72864 268.16125999999997 564.03751 334.07799 647.93153 292.13098 745.30853 247.18775000000005 762.53676 24.718780000000038 993.99439 78.65065000000004 0.0 2.0 114.64438937337755 88.92313041624777 58.718368881620925 164.9560252505088 103.28933810272768 75.37021715085415 10000.0 2.0 
160.11025 542.12768 178.27481 517.40891 181.208 502.83035 198.09322 459.74576 220.33898 417.37288 390.36017 425.84745999999996 457.62712 336.86441 613.34746 143.00847999999996 633.47458 34.957629999999995 988.34746 38.13558999999998 0.0 1.0 38.194398436971156 28.913867280752992 41.37123181413022 134.32311971678584 106.17027700067187 96.6076139729851 9000.0 2.0 
220.86864 489.93644 242.05509 451.80084999999997 256.35593 389.30084999999997 322.0339 390.88982999999996 420.02118 391.94916 490.4661 621.29237 795.55085 487.28814 952.90787 423.27269 895.86834 287.63666 976.76615 206.73884999999996 0.0 2.0 158.11955117143006 167.17498750346178 107.55639914174006 151.9601081072769 173.0719549132444 164.88715106890106 30.0 4.0 
