# Projected PCA examples
# The input examples projected on the first three eigenvectors (and in the 4th column if thh example has wings)

-0.2523547559076018 0.44802893143659284 0.28216634328162865 0
0.5114373286516314 -0.5715383899587793 0.11578981776487612 0
-1.002909918864639 -0.5854499492007126 -0.3098837088892526 1
0.9231688635423342 -0.6906304546434521 0.4350394049866929 0
0.1779763285786336 0.19913195604160655 -0.20196436490017547 0
0.48173946702540704 0.24325034713719415 -0.32364714100611053 0
0.7822503953178223 0.19339453119890654 -0.46814081193606016 0
-0.15459976768562175 0.49186864069746555 0.3175131418482176 0
-1.1385678829570562 -0.5044201884493483 -0.017450931506399044 1
0.7278056899303378 -0.5538076712277399 0.18105221852127665 0
-0.3110994615254949 0.39831709247203484 0.04415560168199867 0
-0.6942966762359473 0.5501943818370026 0.3333844881375328 0
-0.6160692783250783 0.3769878604010427 0.2642620056698094 0
-0.36218096839626823 0.4822916380192092 0.26621427440154655 0
0.7639400370106276 -0.6103208564372372 0.5123225689791785 0
-0.9800474033205233 -0.5974047222599875 -0.2659439463052068 1
0.7005902869067374 -0.5821393779186028 0.11097720864323826 0
0.7316674084390463 0.2205888933802113 -0.3491449410368579 0
-0.5555930384653534 -0.17276551348303054 0.0862067519330466 0
-0.1935810114684623 0.4973849099212592 0.3173059983948833 0
-0.04210468253001027 0.42731639253189485 0.15971537138320327 0
0.12468936193292599 0.4071240077574783 -0.014225911933430533 0
0.36601111341383075 0.21672790046563323 -0.6435842624808351 0
0.7431543082082114 0.24522052981159898 -0.33684712448044646 0
0.09603955443159533 0.41592174417412825 0.21669960357195014 0
-0.21177934957566544 -0.011170369245752366 0.4785122947069329 0
0.5657271310747569 0.2339577869538713 -0.38526590438115477 0
0.15506529860355067 0.30266126811931987 -0.4963311846267264 0
0.49984144618328086 -0.46728363742825657 0.3417325866262072 0
-0.5982094924108017 0.4611460168547988 0.2401147935642183 0
0.9273932511768289 -0.6471995583619359 0.23837120783610438 0
-0.8062174628658217 0.5197879500848968 0.34064297660742177 0
1.1834794944225069 -0.5498956418853149 0.22588762461510814 0
-1.0590484977720191 -0.6296982035691333 -0.14649866121145602 1
0.07481873932797566 0.42595577486361436 0.15174682135080594 0
0.4113312856464077 -0.13016534636113347 -0.050792950672852215 0
-1.1385774836013964 -0.5164123446274734 -0.17263815060339807 1
0.4000732693128324 0.2939605360007654 -0.4251882566605628 0
-1.2176736389493439 -0.4703874683624483 -0.1419158055471868 1
-1.078422152600936 -0.5681967632948264 -0.37184059628457145 1
0.49671977478781004 0.3181268265742591 -0.11777729850603577 0
0.4937451521447761 0.28176227057829434 -0.2295929582097532 0
0.16416133433065908 -0.21406375075779754 -0.26686712406643276 0
-0.08949339694248193 0.42184202015987987 0.07572893073902145 0
