# Projected PCA examples
# The input examples projected on the first three eigenvectors (and in the 4th column the value of animal_class)

0.2588005454455322 0.4455313292224978 0.2816511982301998 4
-0.5134005321431001 -0.5590992518000549 0.12114291202308605 0
1.0097507522246016 -0.5926767444468483 -0.30540969077011254 3
-0.9231429297003264 -0.6843382024534231 0.4367041364827573 4
-0.1661697001612686 0.1894389924809461 -0.206418677120355 2
-0.4750305704368563 0.2413872600424315 -0.3250927489045255 2
-0.7767048231832198 0.19028306627048217 -0.46964791788405474 2
0.1541421440191116 0.4967655466826224 0.3214472473734882 4
1.1425382520786165 -0.5025155390880166 -0.012428324161212506 3
-0.7288932087562823 -0.54465597214252 0.18512068742054882 0
0.3649773986876979 0.36274537757470765 -0.025476404281590134 1
0.6890739972115991 0.562125958940094 0.34225954044226653 4
0.6232876968791453 0.37866812647959586 0.2638597840029833 4
0.3607459709879696 0.4906831802678423 0.2717901183276364 4
-0.7615609839111126 -0.6081437513070607 0.5121146931840788 4
0.9839407908284029 -0.5940668595965208 -0.25819572526389023 3
-0.6995111489603729 -0.5734798340533707 0.11381238395726317 2
-0.7250344523589923 0.2176245841486713 -0.3518055265837554 1
0.5691110692048791 -0.18196551144345333 0.0826881643548053 4
0.19550415795075896 0.49852961997174444 0.3191386701705352 4
0.04522772644627163 0.42716440663601496 0.16142304874110305 4
-0.12453357921827965 0.4133912482396209 -0.010687698633329558 4
-0.3643709442236384 0.2263736260627583 -0.6411279781072542 4
-0.7374726596906765 0.24415207138877537 -0.33888234414894164 2
-0.09036804871723372 0.414228771012922 0.21643623626694775 2
0.21781316173142068 -0.01543912033767499 0.4786326588228694 4
-0.5592263644070291 0.23008501800609027 -0.38698485296482416 4
-0.15922791724695903 0.3146321070219106 -0.4881714962915787 2
-0.5012780535434734 -0.4612176731515949 0.34542281225346017 2
0.5980078376297693 0.4655762578538693 0.24539648364640237 4
-0.9242935071422985 -0.6460467396810217 0.23814640590496522 4
0.8019780169021343 0.5323886127216189 0.34868491175106764 4
-1.1828455683418608 -0.5483545063095023 0.22823402804808898 2
1.0669377352234946 -0.6347415637775375 -0.1423241180495844 3
-0.07466886932201564 0.4294347873964588 0.1545115497258186 4
-0.41018684082377843 -0.12219522892869725 -0.04721909170457717 4
1.1406900617369966 -0.5135199461455254 -0.1644753635864109 3
-0.4015233494821963 0.30482774055305606 -0.4200969294477901 2
1.0458458538397284 -0.5443166133498752 -0.17748887699192498 3
1.0779783074460425 -0.5566274576915993 -0.3605903837974056 3
-0.4929718250591231 0.31827785990451357 -0.11813744585088404 2
-0.4885635591654661 0.28118945311710836 -0.23053995148366532 2
-0.1583098830038218 -0.21392820880689353 -0.26545978359696737 2
0.09293784252520736 0.42182372251483435 0.0780436584942602 4
