# Projected PCA examples
# The input examples projected on the first three eigenvectors (and in the 4th column the value of leg)

-0.2324337459121686 0.443998378239662 -0.28429548379382624 2.0 
0.517132504303981 -0.5498232889403608 -0.11269350502381326 0.0 
-0.9868130777768287 -0.5951501156908916 0.3715485578479551 1.0 
0.8866399664786869 -0.6908136214522478 -0.4417204384176211 0.0 
0.12414401412504927 0.16596073639595313 0.2557767841185372 2.0 
0.4832733445729065 0.2395426141520347 0.3296218279673956 2.0 
0.7705559132547594 0.18675394292993466 0.5051320379474971 2.0 
-0.14180093942252642 0.4940019380441402 -0.3714043011728835 2.0 
-1.1224073443629474 -0.49003622140476194 -0.015087659364124161 1.0 
0.7056517220287627 -0.5396256136583006 -0.21681249660513963 0.0 
-0.3228292929182197 0.40045631698603384 -0.06878942513031762 2.0 
-0.6664889268739573 0.5614493393262241 -0.3219830975786539 2.0 
-0.6265534467716295 0.3789474377790815 -0.27501610559293516 2.0 
-0.3717970548431665 0.48914912264709653 -0.3126700630259949 2.0 
0.7306380749874158 -0.6198843655119298 -0.5058527564335211 0.0 
-0.9880090445000855 -0.583166671609937 0.2250553326976986 1.0 
0.6943477071747457 -0.5650339273110295 -0.12162533360814924 0.0 
0.7084628505133793 0.21528411096192293 0.3536251329211555 2.0 
-0.45219085349433513 -0.1820175086783393 0.040683532151497996 1.0 
-0.20716251992157692 0.4949082057291257 -0.34034005898509284 2.0 
-0.05323351946021947 0.4207132803084985 -0.19125497747292483 2.0 
0.10618830534177659 0.4148960042070558 -0.03131352860657302 2.0 
0.3963311250979045 0.23299021449395635 0.731316354877258 2.0 
0.7146984267308484 0.24244290041792033 0.33980015983034495 2.0 
0.13237152653394546 0.4179350678805476 -0.28777993696778437 2.0 
-0.2139496336354596 -0.02766949452535656 -0.5037494849421097 1.0 
0.5480349563296102 0.224360808384998 0.4245806783040857 2.0 
0.15807825508673698 0.3149427152741626 0.5670046915031177 2.0 
0.4845429196231019 -0.46862350682909054 -0.3171948617049854 0.0 
-0.5852725851030497 0.4588787122532766 -0.19713849877697473 2.0 
0.8945341677210944 -0.6571217598338311 -0.20762143052006096 0.0 
-0.7912757212036297 0.5299722243113205 -0.3236563909640112 2.0 
1.1082583562064479 -0.5617133616595927 -0.358019613990803 0.0 
-1.097114759793715 -0.63596456857724 0.12630603189724932 1.0 
0.06352005444749725 0.4274324907103595 -0.18444882966250728 2.0 
0.4020942453703833 -0.11474184030260276 -0.007073677978913255 1.0 
-1.1163943839373325 -0.503691656657838 0.16658088673839477 1.0 
0.3972259309829608 0.3113984268686055 0.44532005094263133 2.0 
-1.058461558581884 -0.5412692026216205 0.18559358707755957 1.0 
-1.0566439602773408 -0.5308998817808718 0.32712680043711434 1.0 
0.4739798346854322 0.31491426001607753 0.08227920977013319 2.0 
0.48559968694434896 0.27888938865803214 0.2293552724120363 2.0 
0.20457354191827257 -0.21905733987865886 0.3880131237269868 1.0 
-0.10004506166997269 0.41608530994847925 -0.0971780968489241 2.0 
