# detrended QQ Diagram data for dimension 13
0.04282458999999995 0.06296372372499942 
0.09737698999999998 0.04055835932009881 
0.10169492000000002 0.003914599587025891 
0.14300847 0.01575852133458916 
0.14656131000000006 -0.004313564833666322 
0.15355602999999995 -0.01737359084749729 
0.16790254000000004 -0.020669103666769467 
0.18282236000000002 -0.02165307703512606 
0.18651439000000006 -0.032556698214727176 
0.18908898 -0.04356225951826373 
0.21198221999999997 -0.03344292166138346 
0.22022181999999998 -0.03732665333890953 
0.24258475 -0.026556191140836988 
0.24419154000000004 -0.03610570411682523 
0.24419154000000004 -0.04690267705228418 
0.25523693000000003 -0.04635873583245809 
0.27375253999999993 -0.03810321383306248 
0.29213098000000004 -0.029790469754649995 
0.32627119000000004 -0.005563162762766527 
0.33686441 -0.0047676878945692724 
0.37822349999999993 0.026874022856088586 
0.38771186 0.02669248960795806 
0.38983051 0.019156954937496418 
0.40360170000000006 0.023258251689365905 
0.40898337 0.018922542440023782 
0.41631356 0.016454987308221036 
0.42546256000000005 0.01569108430010452 
0.44044363 0.020606458378516823 
0.47669492 0.046597660377912575 
0.48388875 0.04329004159773864 
0.48728814 0.035892458662279636 
0.49362645 0.031074465686291408 
0.50860753 0.03446307788436398 
0.5161513 0.029883516206837824 
0.53707157 0.03802988406371821 
0.53813559 0.02551375276018164 
0.54381306 0.016595571580580448 
0.5487288100000001 0.005607528212223989 
0.55060777 -0.010155534607048322 
0.5568931199999999 -0.023924930620879303 
0.56296272 -0.041480256789134584 
0.5867441099999999 -0.04716849504157161 
0.6975635600000001 0.022689265225355637 
0.6991177700000001 -0.052714289179545015 
