# QQ Diagram data for dimension 15
-0.005296600000000012 -0.12497429049817282 
-0.0029962000000000443 -0.03777877607411173 
0.013609910000000013 0.008632078445547753 
0.04282458999999995 0.042022073792052805 
0.07733051999999997 0.06878984188408335 
0.10336941999999999 0.09151248603626347 
0.10336942999999997 0.11150144058948994 
0.11387711000000002 0.12952092770389884 
0.13050066000000005 0.14605824947774226 
0.13920952 0.16144497865348015 
0.14300847999999997 0.17591820272885375 
0.15272099000000003 0.1896543104540424 
0.16684320000000002 0.20278893307789114 
0.16740720999999997 0.21542936753676992 
0.1839398 0.22766267000611834 
0.19250257999999998 0.23956113451669714 
0.21477755 0.25118612983935046 
0.23670101 0.26259087295664296 
0.24718775000000004 0.27382249700279965 
0.24793681000000004 0.2849236436326383 
0.24983559000000002 0.2959337332454561 
0.28283898999999996 0.30689001975815017 
0.32097459000000006 0.3178285079691225 
0.3273365 0.3287847944818165 
0.32803689999999996 0.3397948840946344 
0.35619702 0.350896030724473 
0.37605933 0.3621276547706297 
0.40889831000000004 0.3735323978879222 
0.42006354 0.3851573932105755 
0.42327269 0.39705585772115426 
0.48014347999999996 0.40928916019050277 
0.48388875 0.42192959464938157 
0.48412927 0.43506421727323025 
0.48613590999999995 0.44880032499841893 
0.48834074 0.4632735490737925 
0.48988119 0.4786602782495304 
0.49500544 0.4951976000233738 
0.51059321 0.5132170871377827 
0.52091016 0.5332060416910092 
0.5414373800000001 0.5559286858431893 
0.5854252 0.5826964539352197 
0.59721703 0.616086449281725 
0.7065678000000001 0.6624973038013844 
0.71179485 0.7496928182254454 
