# detrended QQ Diagram data for dimension 7
0.044216229999999995 0.07479001101419411 
0.13857494999999995 0.0875208416799367 
0.14452973999999993 0.0500282121462354 
0.1467161 0.020956601331812624 
0.15889831000000004 0.008080224018307519 
0.17228237000000002 1.9253059742227463E-4 
0.17752575 -0.013276705308976067 
0.19491525 -0.012756108597757637 
0.21040103999999996 -0.012751696058016099 
0.21451271999999993 -0.023044268784424005 
0.21647654999999996 -0.03462951571731379 
0.21716102 -0.04680407279779089 
0.24269343000000004 -0.033567610921595936 
0.24868586000000004 -0.03940849588007245 
0.26807039 -0.03147614512067021 
0.27860170000000006 -0.03208355654151773 
0.27939706999999997 -0.04217090038266641 
0.28495763 -0.04728686560547185 
0.28707627 -0.055682685790027775 
0.28813559 -0.06501567982784462 
0.32627119000000004 -0.037187151039151656 
0.33482704 -0.03888800459643721 
0.37902122 -0.004933866312653523 
0.39088982999999994 -0.003321959869939106 
0.39300847 -0.011510391081246074 
0.44793417 0.03302299488093707 
0.44809321999999996 0.022667584696381082 
0.45974576 0.02364359947357564 
0.47415106 0.027166185632427065 
0.47639820999999993 0.018274614211579387 
0.49152542 0.021949644970981674 
0.52733387 0.04592478001250522 
0.5475583300000001 0.05385329188870025 
0.55333136 0.04676729480822306 
0.55497829 0.034865147875333236 
0.55528385 0.02076645514892539 
0.56179035 0.011791577688666899 
0.57826953 0.011401854399885392 
0.59639831 0.010818018493486958 
0.6003253199999999 -0.006526724927398253 
0.64268816 0.010777527759096572 
0.6439503 -0.019218303055326347 
0.6441862599999999 -0.06242976258902755 
0.82695539 0.038711478076715045 
