# QQ Diagram data for dimension 28
8.508006495865576E-4 -0.2643201097894831 
0.0016932188904800025 -0.13418037419952794 
0.00814947403119897 -0.06491194479020862 
0.00814947403119897 -0.015077211955087877 
0.015589360921053244 0.024873814021872553 
0.022433393414870197 0.058787472555818454 
0.05926738318371875 0.08862108587249945 
0.05926738318371875 0.11551525931737422 
0.05926738318371875 0.14019729367693198 
0.05926738318371875 0.163162062905614 
0.09393657986206587 0.18476342126383183 
0.09393657986206587 0.20526462983171098 
0.13761460212473137 0.22486811891749625 
0.2050314593396491 0.243734029728233 
0.23155118198679725 0.2619922940353891 
0.29362225109506457 0.2797508110366478 
0.3175280875844005 0.29710117392535046 
0.33618980632366147 0.314122809310602 
0.33618980632366147 0.3308860636278364 
0.33618980632366147 0.3474545797573067 
0.3757463194482635 0.3638871928395048 
0.3856999586216072 0.38023950452924865 
0.3946147712664868 0.39656525216583766 
0.3946147712664868 0.4129175638555814 
0.3946147712664868 0.42935017693777955 
0.42005537601275184 0.44591869306724996 
0.45345781233954097 0.4626819473844843 
0.45345781233954097 0.47970358276973585 
0.45345781233954097 0.4970539456584385 
0.4724525263777035 0.5148124626596972 
0.5315494114793945 0.5330707269668533 
0.5315494114793945 0.5519366377775901 
0.5315494114793945 0.5715401268633753 
0.5471103229708705 0.5920413354312545 
0.6253721367842842 0.6136426937894723 
0.7092020958111608 0.6366074630181543 
0.7092020958111608 0.6612894973777121 
0.719270731412582 0.6881836708225868 
0.7785286156505813 0.7180172841392678 
0.7875364912822858 0.7519309426732137 
0.8658785802968034 0.7918819686501741 
0.9251442534366272 0.841716701485295 
0.9539137426199311 0.9109851308946142 
1.0 1.0411248664845694 
