# QQ Diagram data for weight
0.01 6858.946833492598 
0.02 6859.028712134226 
0.1 6859.072293019665 
0.1 6859.10364701168 
0.2 6859.128782576338 
0.3 6859.150119674349 
1.0 6859.168889773445 
1.0 6859.18581049623 
1.0 6859.201339430855 
1.0 6859.215787931931 
2.0 6859.229378630203 
2.0 6859.2422771588635 
4.0 6859.254610878847 
10.0 6859.266480544505 
14.0 6859.277967903637 
30.0 6859.289140842038 
40.0 6859.3000569864325 
50.0 6859.310766308818 
50.0 6859.321313068319 
50.0 6859.331737306453 
80.0 6859.342076039903 
90.0 6859.352364250975 
100.0 6859.362635749023 
100.0 6859.372923960095 
100.0 6859.3832626935455 
135.0 6859.393686931679 
200.0 6859.404233691181 
200.0 6859.414943013566 
200.0 6859.42585915796 
250.0 6859.437032096362 
500.0 6859.448519455494 
500.0 6859.460389121151 
500.0 6859.472722841135 
600.0 6859.485621369795 
1500.0 6859.499212068067 
4000.0 6859.513660569143 
4000.0 6859.529189503768 
4500.0 6859.5461102265535 
9000.0 6859.564880325649 
10000.0 6859.58621742366 
25000.0 6859.611352988319 
50000.0 6859.642706980333 
70000.0 6859.686287865772 
120000.0 6859.768166507401 
