# detrended QQ Diagram data for dimension 14
0.5579004700000001 0.06777563711598478 
0.5646186599999999 0.01844536500901428 
0.5850110100000001 0.009005251285634452 
0.60598452 0.00851598420023314 
0.6067335699999999 -0.007941037069647994 
0.61334746 -0.015933050459813747 
0.61513378 -0.026995443713408784 
0.6519640900000001 -0.0017478916957422985 
0.6651597699999999 8.177523567171052E-4 
0.67856015 0.0043276865826100686 
0.68384802 3.1230335321652536E-4 
0.68437997 -0.007985188372286456 
0.68908898 -0.01171899109361374 
0.69811814 -0.010814984279115314 
0.70233051 -0.014466066825100654 
0.7046629400000001 -0.019781858659184803 
0.7176835 -0.014233737053970463 
0.7184851800000001 -0.02076291938870667 
0.73622881 -0.010238872401764243 
0.7441737399999999 -0.009429655750508914 
0.74530853 -0.01537204849935081 
0.76927824 0.001555062881947844 
0.77002731 -0.004727025154675268 
0.77915 -0.0026469337733765474 
0.78019067 -0.00868344652221864 
0.79102082 -0.00498900987096329 
0.8010451900000001 -0.002184222884020648 
0.80720339 -0.0033568852187569886 
0.80748 -0.010552713613542597 
0.81144069 -0.01424024544762681 
0.8194734899999999 -0.014070897993612275 
0.84469299 0.003023448820886232 
0.8510600899999999 9.477360995588935E-4 
0.85314285 -0.005798945625943963 
0.85646186 -0.011783188855337468 
0.91159847 0.033462975370555426 
0.91499224 0.02622670942301497 
0.94067795 0.040329661440681286 
0.9463652100000001 0.03316820818708632 
0.95290787 0.02510496479692048 
0.95416601 0.009157033527039449 
0.96610169 -3.700635583617773E-4 
0.9718973399999999 -0.024406877281741846 
1.0654091 0.013056420611287978 
