# detrended QQ Diagram data for dimension 20
0.0 0.6741080160429769 
0.0 0.5079849089316505 
0.0 0.41956390003660937 
0.0 0.35594996519108557 
0.0 0.3049525619960367 
0.0 0.26166184603113896 
0.0 0.22357929946641833 
0.0 0.18924894190421684 
0.0 0.15774237537362726 
0.0 0.12842789428090792 
0.0 0.10085380438419114 
0.0 0.07468405345151521 
0.0 0.04966023960718319 
0.0 0.025577942926947317 
0.0 0.0022713057694739858 
0.0 -0.020397404971061128 
0.0 -0.042545107819189604 
0.0 -0.06427319067947423 
0.0 -0.08567145063330255 
0.0 -0.10682112768754255 
0.0 -0.12779732477906094 
0.0 -0.14867101730685475 
0.0 -0.16951080087496342 
0.0 -0.19038449340275718 
0.0 -0.21136069049427558 
0.0 -0.23251036754851567 
0.0 -0.25390862750234394 
0.0 -0.2756367103626286 
0.0 -0.29778441321075705 
0.0 -0.3204531239512921 
0.0 -0.34375976110876555 
0.0 -0.3678420577890014 
0.0 -0.3928658716333334 
0.0 -0.41903562256600935 
0.0 -0.44660971246272607 
0.0 -0.47592419355544535 
0.0 -0.507430760086035 
1.0 0.45823888235176347 
1.0 0.4201563357870428 
1.0 0.37686561982214506 
1.0 0.32586821662709653 
1.0 0.2622542817815724 
1.0 0.1738332728865314 
1.0 0.007710165775205002 
