# QQ Diagram data for dimension 9
0.04191583000000003 0.018624611126776103 
0.15205791999999996 0.09512073617530864 
0.15783898 0.13583671284446464 
0.17602764 0.165129564389261 
0.18644068000000005 0.18861277391859266 
0.19588212999999996 0.20854721939987114 
0.21239896 0.2260834146639604 
0.22251441999999996 0.24189180743185576 
0.22881356000000005 0.25639990504141197 
0.23654197 0.2698985943592005 
0.24576270999999997 0.2825958708881375 
0.26816125999999996 0.2946464794677939 
0.27701271999999993 0.3061694086154194 
0.28684997 0.31725878931832574 
0.28763666 0.3279909954602689 
0.30402542000000005 0.3384294501800864 
0.31160637999999996 0.3486279919487087 
0.31909691999999995 0.35863330771992985 
0.32203390000000004 0.3684867471222648 
0.33787696000000006 0.3782257194350871 
0.39194916 0.3878848079487648 
0.40360170000000006 0.397496695311073 
0.41737288 0.4070929683252905 
0.42055085 0.41670485568759874 
0.47490011000000004 0.4263639442012764 
0.48266327000000003 0.4361029165140987 
0.49364407 0.4459563559164337 
0.49876792999999997 0.45596167168765483 
0.50370763 0.4661602134562771 
0.51609806 0.47659866817609464 
0.52731653 0.48733087431803784 
0.52883198 0.4984202550209441 
0.5460602200000001 0.5099431841685697 
0.55084746 0.5219937927482261 
0.55879413 0.534691069277163 
0.58069199 0.5481897585949516 
0.5829392800000001 0.5626978562045077 
0.58671292 0.5785062489724031 
0.60720447 0.5960424442364924 
0.6152705100000001 0.6159768897177709 
0.62171465 0.6394600992471025 
0.63744479 0.668752950791899 
0.67478813 0.7094689274610548 
0.70860489 0.7859650525095874 
