# QQ Diagram data for dimension 27
0.0 -0.09488006594619172 
0.0 -0.045733987302082946 
0.0 -0.019575399658793874 
0.0 -7.557694511539093E-4 
0.026851246957212235 0.014331369428265156 
0.03826043774991734 0.02713855181466769 
0.04388522515118272 0.03840494251119764 
0.04592194252677256 0.048561280674928584 
0.051548831999984265 0.057882224783447664 
0.05173354429241141 0.06655465945100149 
0.06563630803792819 0.07471221449658352 
0.07190233264067175 0.08245430805477909 
0.07537021715085415 0.08985738607657964 
0.09075924301241224 0.09698192442141376 
0.0966076139729851 0.1038769906321805 
0.09815891811738399 0.11058333185217888 
0.10230070859116662 0.11713553741158393 
0.10674081570125837 0.12356360204151917 
0.1257986806158801 0.12989409142872513 
0.12755926484231905 0.13615103972375442 
0.13188666061858492 0.14235666547829343 
0.13458394130524515 0.14853196614779285 
0.13848078922863272 0.15469723514603112 
0.1422462864991635 0.16087253581553054 
0.15727721617161278 0.16707816157006955 
0.16488715106890106 0.17333510986509887 
0.18245265630261595 0.1796655992523048 
0.19522877854747747 0.18609366388224002 
0.2115682470963034 0.19264586944164508 
0.21411542587979035 0.19935221066164344 
0.21449636293924096 0.20624727687241023 
0.21839125040391177 0.21337181521724435 
0.2187557678817772 0.22077489323904487 
0.22127472052944078 0.22851698679724045 
0.22248031579939584 0.2366745418428225 
0.22270088529057555 0.2453469765103763 
0.22323813785158889 0.25466792061889537 
0.22740907460268384 0.26482425878262633 
0.25962036355321305 0.2760906494791563 
0.2726905584370858 0.28889783186555884 
0.2953030666316814 0.3039849707449779 
0.2996589787184533 0.32280460095261787 
0.31938164640111316 0.3489631885959069 
0.5638788153452984 0.3981092672400157 
