# detrended QQ Diagram data for dimension 15
-0.005296600000000012 0.11967769049817281 
-0.0029962000000000443 0.034782576074111685 
0.013609910000000013 0.00497783155445226 
0.04282458999999995 8.025162079471418E-4 
0.07733051999999997 0.00854067811591662 
0.10336941999999999 0.011856933963736521 
0.10336942999999997 -0.008132010589489966 
0.11387711000000002 -0.01564381770389882 
0.13050066000000005 -0.015557589477742217 
0.13920952 -0.022235458653480145 
0.14300847999999997 -0.032909722728853785 
0.15272099000000003 -0.03693332045404238 
0.16684320000000002 -0.03594573307789112 
0.16740720999999997 -0.048022157536769944 
0.1839398 -0.04372287000611835 
0.19250257999999998 -0.04705855451669716 
0.21477755 -0.03640857983935045 
0.23670101 -0.025889862956642973 
0.24718775000000004 -0.026634747002799608 
0.24793681000000004 -0.036986833632638244 
0.24983559000000002 -0.04609814324545605 
0.28283898999999996 -0.02405102975815021 
0.32097459000000006 0.0031460820308775728 
0.3273365 -0.0014482944818165477 
0.32803689999999996 -0.01175798409463441 
0.35619702 0.005300989275526968 
0.37605933 0.013931675229370333 
0.40889831000000004 0.035365912112077846 
0.42006354 0.0349061467894245 
0.42327269 0.026216832278845748 
0.48014347999999996 0.07085431980949719 
0.48388875 0.06195915535061841 
0.48412927 0.04906505272676975 
0.48613590999999995 0.03733558500158102 
0.48834074 0.025067190926207517 
0.48988119 0.011220911750469631 
0.49500544 -1.9216002337379967E-4 
0.51059321 -0.002623877137782671 
0.52091016 -0.012295881691009147 
0.5414373800000001 -0.01449130584318925 
0.5854252 0.002728746064780241 
0.59721703 -0.01886941928172492 
0.7065678000000001 0.044070496198615694 
0.71179485 -0.037897968225445444 
