# detrended QQ Diagram data for dimension 21
0.0 0.1896107749871192 
0.0 0.013599687972666308 
0.0 -0.08008431638502533 
0.0 -0.14748467998359316 
0.0 -0.20151755071035837 
0.0 -0.2473850167547379 
0.0 -0.2877343127298189 
0.0 -0.3241080819013079 
0.5 0.142510017654066 
0.5 0.1114506799609874 
0.5 0.08223532503204956 
0.5 0.054507898133689225 
0.5 0.027994616793263982 
0.5 0.0024788936033992015 
0.5 -0.02221500125608733 
0.5 -0.04623299904121159 
0.5 -0.0696989775011485 
0.5 -0.09272035935151268 
0.5 -0.11539228657574396 
1.0 0.3621991652514438 
1.0 0.3399744229160301 
1.0 0.3178582864211815 
1.0 0.295778077215182 
1.0 0.27366194072033345 
1.0 0.25143719838491985 
1.0 0.2290286502121074 
1.0 0.20635672298787622 
1.0 0.18333534113751204 
1.0 0.15986936267757512 
1.0 0.13585136489245098 
1.0 0.11115747003296428 
1.0 0.08564174684309944 
1.0 0.059128465502674254 
1.0 0.03140103860431398 
1.0 0.0021856836753761932 
1.0 -0.028873654017702366 
1.0 -0.062255554462328444 
1.0 -0.0986293236338176 
1.0 -0.13897861960889868 
1.0 -0.1848460856532781 
1.0 -0.23887895638004308 
1.0 -0.30627931997861113 
1.0 -0.3999633243363028 
1.0 -0.5759744113507557 
