# detrended QQ Diagram data for dimension 4
-0.032352319000000004 -0.06240766210811581 
0.06666578 -0.006044102133559978 
0.08818855499999999 -0.0072247152423267486 
0.091372563 -0.020374516027952663 
0.092005099 -0.03283630966459841 
0.13999667 0.004039736435384522 
0.14883475000000002 0.0030995652523952977 
0.1509534 -0.0035966064894895067 
0.16865364 0.006013861443243673 
0.181208 0.01104129939415091 
0.18202008 0.004773328255916337 
0.18997878 0.006012561699732022 
0.20683263 0.016441181262203453 
0.21345338 0.01687844913601702 
0.21474255 0.01218329894437084 
0.21572749 0.007347715696568308 
0.23433178000000002 0.020265258850289153 
0.23942146 0.01977593557718635 
0.24156985 0.016430009162399395 
0.24568965 0.01511932004518668 
0.24943491 0.013478634447347732 
0.25093301 0.009617108396438173 
0.25529662 0.008629798967198204 
0.25635593 0.004329482916288707 
0.26553957 0.008127177318449752 
0.26965937 0.006816488201236981 
0.27577828 0.007441081786450032 
0.28005991 0.006143708513347279 
0.28481905999999996 0.005216111667068035 
0.29449152 0.009068048419265562 
0.29555085000000003 0.004143058227619401 
0.29764196 5.06861014328841E-5 
0.30186868 -0.002147824336095616 
0.30243644999999997 -0.008299520892279977 
0.31249999 -0.005316032030514506 
0.32168996 -0.003652984079607291 
0.32983756 -0.0035951561468741122 
0.33262712 -0.009620417888758892 
0.35233233 3.0654092825188606E-4 
0.36599577 0.0028544560282348086 
0.36748427 -0.008751373608410884 
0.37041878 -0.022150672394036897 
0.40254237 -0.012730470502803681 
0.42103184 -0.03689553952824781 
