# detrended QQ Diagram data for dimension 18
0.5850110100000001 -0.10330319428229306 
0.6322014 -0.10053558860238643 
0.7617877099999999 0.005406163600622627 
0.7764830500000001 0.0030905762435911033 
0.7923728800000001 0.005343250748417794 
0.79399702 -0.004608928595779882 
0.81422147 0.00543191250223396 
0.81567797 -0.0022918279600117053 
0.8194648499999999 -0.006930081789931708 
0.81991526 -0.014318622635972722 
0.8202139100000001 -0.021393527523095313 
0.83103814 -0.017567319782658353 
0.89287212 0.037575071644248226 
0.90186077 0.040123903066561106 
0.90730932 0.039340052687851124 
0.90961614 0.035585059460588764 
0.9173728800000001 0.037419308339900814 
0.9311440700000001 0.04538021730569952 
0.9327330500000001 0.041247113826264004 
0.93519366 0.03805211360708771 
0.94156062 0.038809853460321286 
0.9463652100000001 0.03803263393815337 
0.95391949 0.04001417197093793 
0.96504237 0.04555524244876996 
0.96504237 0.039946022302003614 
0.96822034 0.03746838208282732 
0.9693073600000001 0.03283331860339189 
0.97245762 0.030173297569190516 
0.97676615 0.028559336448502504 
0.97775424 0.023485613221240098 
0.98252119 0.022020162842530167 
0.98463983 0.017698984264843065 
0.98538027 0.01174783569174953 
0.98728814 0.006657683432186645 
0.98834746 3.434485450639624E-4 
0.98940678 -0.006436182300977089 
0.99024912 -0.014018976130897198 
0.9904661 -0.02298223659314258 
0.9904661 -0.0331658454951288 
0.9917472199999999 -0.043461044839326446 
0.9936440700000001 -0.05520135033449958 
0.99399439 -0.07186195769153148 
0.99417373 -0.09532717548852232 
0.9999868199999999 -0.13393686980861563 
