# QQ Diagram data for dimension 5
0.044216229999999995 -0.07857455315101414 
0.12883725000000004 0.013501042811232766 
0.14048176999999998 0.0625093790455058 
0.1467161 0.09776811616074604 
0.15783898999999996 0.12603399905543794 
0.17181421 0.1500283640863611 
0.17213984000000004 0.17113604279331446 
0.17752575 0.19016402864731377 
0.18379237999999998 0.20762689664004966 
0.19491525 0.22387477668437927 
0.20258173999999995 0.23915802538171632 
0.21085864000000004 0.25366290345201953 
0.21877003000000003 0.2675326330340766 
0.23295573000000003 0.2808805161644251 
0.26807039 0.29379848130164166 
0.27118644 0.30636286856494876 
0.27198094000000006 0.318638481358355 
0.27284285 0.33068151506550253 
0.28389831000000004 0.3425417407262438 
0.28495762 0.3542641865258711 
0.31144068 0.36589047910977274 
0.34745762 0.377459957389163 
0.34755515000000003 0.3890106412472006 
0.37516255 0.40058011952659084 
0.38276648 0.4122064121104924 
0.38930085 0.4239288579101198 
0.39512712 0.43578908357086105 
0.39586834 0.4478321172780086 
0.47372585000000006 0.4601077300714148 
0.49028435000000004 0.4726721173347219 
0.50283035 0.48559008247193847 
0.5108547 0.49893796560228704 
0.52839319 0.5128076951843441 
0.53800414 0.5273125732546473 
0.5576705500000001 0.5425958219519843 
0.5789194999999999 0.558843701996314 
0.6322013999999999 0.5763065699890498 
0.6672541599999999 0.5953345558430492 
0.6704599600000001 0.6164422345500025 
0.68763138 0.6404365995809256 
0.6994750900000001 0.6687024824756175 
0.7355881799999999 0.7039612195908578 
0.74858187 0.7529695558251308 
0.8594192500000001 0.8450451517873777 
