# QQ Diagram data for dimension 2
0.038135593 -0.0234862497654022 
0.092005099 0.03759269642269819 
0.11175848000000001 0.07010269541145137 
0.12738347 0.09349180828567208 
0.15383692 0.11224216577444596 
0.15677966000000002 0.1281589840716884 
0.17770127 0.14216090019750235 
0.17827481 0.15478323852611758 
0.21080509 0.16636734572924178 
0.21123317 0.1771454827646537 
0.21497844 0.18728372531425125 
0.21572749 0.19690563063956962 
0.21761115 0.20610620607905217 
0.22616524999999998 0.2149606112764716 
0.22846141 0.22352982757347306 
0.22995951 0.23186449568527814 
0.23040254999999998 0.24000760337194293 
0.23070857 0.24799642820715712 
0.23433178000000002 0.2558639861343213 
0.24152542 0.2636401468933777 
0.24205509 0.2713525237906221 
0.24841102 0.2790272125489877 
0.26324153 0.28668943390555773 
0.26377119 0.29436412266392337 
0.26483051 0.30207649956116767 
0.26800848 0.3098526603202242 
0.28036 0.31772021824738833 
0.28389139 0.3257090430826025 
0.29078390000000004 0.3338521507692673 
0.29290254 0.3421868188810724 
0.32680085000000003 0.35075603517807386 
0.33262712 0.3596104403754933 
0.33707420000000005 0.36881101581497583 
0.34375 0.3784329211402942 
0.35275424 0.38857116368989175 
0.37677341000000003 0.39934930072530367 
0.38351554 0.41093340792842786 
0.38726081 0.42355574625704306 
0.40254237 0.43755766238285704 
0.41272864 0.4534744806800995 
0.48199152 0.4722248381688733 
0.49311441 0.49561395104309414 
0.54381306 0.5281239500318473 
0.8449792700000001 0.5892028962199476 
