# QQ Diagram data for dimension 26
0.0 -0.07239745590347269 
0.0 -0.030012981894129848 
0.0 -0.007453339117401286 
0.0 0.008777052999483809 
0.0 0.021788476562709172 
0.0 0.03283362408953959 
0.0 0.042549964778979654 
0.021995291125193127 0.05130897593118176 
0.0357531008364771 0.05934752802342322 
0.0591444266095547 0.06682679375338031 
0.06918110815883552 0.07386201791262667 
0.07038315974127046 0.08053894051252519 
0.07953032608838584 0.08692348993459298 
0.09379637143697453 0.09306782166229607 
0.09766466285689873 0.09901425243898576 
0.10328933810272768 0.10479792334374224 
0.10617027700067187 0.11044866484536894 
0.11024331013374097 0.11599234494670141 
0.11372921320956453 0.12145187438019801 
0.13945280991541506 0.12684798063536637 
0.13992077076688253 0.1321998253961588 
0.14685322975168955 0.13752551725087714 
0.1528253367448621 0.1428425576094523 
0.1562634636313716 0.14816824946417062 
0.15810535941157244 0.15352009422496307 
0.16367982686371155 0.15891620048013144 
0.16795934630735418 0.16437572991362803 
0.17307195491324442 0.1699194100149605 
0.1768663334180957 0.1755701515165872 
0.18538438659798734 0.18135382242134365 
0.18581970370568698 0.1873002531980334 
0.21104183984945263 0.19344458492573646 
0.2136602970139965 0.19982913434780425 
0.21826275683744417 0.20650605694770277 
0.22146164512407138 0.21354128110694914 
0.22216106996163842 0.2210205468369062 
0.2260312448875903 0.22905909892914766 
0.2267839968977639 0.2378181100813498 
0.24024172211734943 0.24753445077078984 
0.25308043935285973 0.2585795982976203 
0.25621581875572497 0.2715910218608456 
0.29215786004120325 0.28782141397773076 
0.3395156057699454 0.31038105675445926 
0.34040024299004085 0.3527655307638021 
