# detrended QQ Diagram data for dimension 8
0.12451398000000001 -0.05728900271829669 
0.19385593 -0.03306154508412426 
0.22033898 -0.030591222754218078 
0.25332475 -0.014881257594693276 
0.26990283 -0.012152677505492815 
0.2736815 -0.020130581945198955 
0.28230932000000003 -0.02184494002108822 
0.31925984999999996 0.005782403812413184 
0.33951272 0.017478952058419206 
0.35505149999999996 0.02505672075504034 
0.36546609999999996 0.027982952100182368 
0.37085972 0.026269583498791604 
0.37472747 0.023341550068811223 
0.39138061 0.03345459694977265 
0.39250419 0.028248731742554656 
0.39325324 0.022841579902664444 
0.39580421 0.01937783955660216 
0.39724576 0.014918636522483486 
0.41099555 0.022857244368985452 
0.41260593999999995 0.018723960532185557 
0.41272864 0.013150099108522662 
0.41365032 0.008403055120831449 
0.42002118 0.009114399879168567 
0.42246634 0.0058908358914773196 
0.42372881 0.0014567444678144081 
0.42643101 -0.0015847293689854602 
0.4344512 6.242784775165044E-4 
0.43744742000000003 -0.002280254556602135 
0.44194173999999997 -0.003800644902664463 
0.44637103 -0.005527556742554618 
0.45217635 -0.006051681949772625 
0.45767187000000004 -0.007096255068811175 
0.47563559 0.004071681501208402 
0.49212835 0.01345745289981759 
0.4928774 0.00671813424495965 
0.49364407 -4.762070584192202E-4 
0.49470339 -0.007973208812413202 
0.49886982999999996 -0.013129954978911784 
0.50052966 -0.021812303054800974 
0.52648306 -0.007615477494507195 
0.53072033 -0.01722770740530677 
0.53570198 -0.029521862245781905 
0.58243075 -0.006805819915875699 
0.60598452 -0.02836654228170321 
