# QQ Diagram data for dimension 25
0.0 -0.040269016857266984 
0.0 -0.008849623607541227 
0.0 0.007873723904548394 
0.0 0.019905230356775536 
0.0 0.02955053192596832 
0.0 0.037738243151787115 
0.009830880902670997 0.04494091668272525 
0.024798089845445716 0.05143392673657442 
0.03612292883713893 0.05739286418354773 
0.04060120841640684 0.06293720551799296 
0.07142572215505136 0.06815238111296691 
0.08290506454427246 0.07310194959924682 
0.09496158397885174 0.07783478334799263 
0.09710001795365639 0.08238954495166183 
0.11309720219795799 0.08679760359511468 
0.113364776026814 0.09108500918008157 
0.11407403810649687 0.09527387488012587 
0.11549828918147528 0.09938337651310708 
0.11666978802287468 0.10343049768751805 
0.11706587042131668 0.10743060358504711 
0.11885668131882747 0.11139789866375344 
0.12318234811577874 0.11534580672729038 
0.12851020988294193 0.11928730148109838 
0.128819834124601 0.12323520954463531 
0.13029660999999998 0.12720250462334165 
0.13432311971678584 0.13120261052087073 
0.1490306525054617 0.13524973169528168 
0.15020349941925762 0.1393592333282629 
0.1509682568884654 0.14354809902830717 
0.15196010810727692 0.14783550461327408 
0.16180343136381903 0.15224356325672694 
0.1636188295042963 0.15679832486039613 
0.1649560252505088 0.16153115860914194 
0.16787496438115027 0.16648072709542183 
0.16814340993580754 0.1716959026903958 
0.17259148130064955 0.177240244024841 
0.17527752334423632 0.18319918147181435 
0.17746253045615962 0.18969219152566352 
0.18360835365434358 0.19689486505660164 
0.1886069295935897 0.20508257628242044 
0.1989072832271684 0.21472787785161318 
0.210173340227541 0.2267593843038404 
0.24567594426059813 0.24348273181593 
0.2695615534148577 0.27490212506565576 
