# QQ Diagram data for dimension 23
0.0 -0.05921631166038381 
0.0 -0.023047069319154304 
0.0 -0.0037955578684471664 
0.0 0.010054820117590735 
0.0 0.02115825700249685 
0.023413170964638685 0.030583751288553118 
0.024577212542851556 0.038875294106539726 
0.028913867280752993 0.046349889567219416 
0.04396504822112788 0.05320967361533073 
0.05802629672900475 0.0595921846891178 
0.06313528281191506 0.06559576815896488 
0.06904716292990248 0.07129359117680223 
0.07206504996898637 0.07674191442921356 
0.07416011306593663 0.08198524535353294 
0.08624371390021714 0.08705969539342315 
0.08718033499449862 0.09199525256301178 
0.08892313041624778 0.09681737301058244 
0.09349979428105984 0.10154813147188001 
0.09376346493939097 0.10620707906447456 
0.09876722692755231 0.11081190381230996 
0.10561923628350661 0.11537895754248183 
0.10578644318970273 0.11992369341169559 
0.11300537829482499 0.12446104643452682 
0.12248117742728064 0.12900578230374057 
0.1329396382229183 0.13357283603391243 
0.1336342142107121 0.13817766078174787 
0.14146610050696176 0.14283660837434242 
0.14697115626124224 0.14756736683563998 
0.14968523817606394 0.15238948728321064 
0.16717498750346177 0.15732504445279927 
0.17453595954872156 0.16239949449268948 
0.1846079486764363 0.16764282541700887 
0.1876047169978543 0.1730911486694202 
0.1930830508627117 0.17878897168725755 
0.1974833157346118 0.18479255515710463 
0.19851334392746195 0.19117506623089167 
0.21181805659118344 0.198034850279003 
0.21815347849246228 0.2055094457396827 
0.22034058559775904 0.2138009885576693 
0.23351504932686315 0.22322648284372557 
0.234782660030166 0.23432991972863165 
0.23601316884771875 0.2481802977146696 
0.2495653400146793 0.26743180916537673 
0.31200316191750577 0.3036010515066062 
