# detrended QQ Diagram data for dimension 10
0.12288136 -0.10124204662944092 
0.32007874 0.034954713133012294 
0.32461070000000003 0.007018364067419514 
0.33951272 -0.0014387352556218258 
0.39036017 0.03068240219523055 
0.41572486 0.040150685185358415 
0.41578390000000004 0.02622576472935506 
0.42172198 0.019557692938155624 
0.42595393000000004 0.012220390873579678 
0.44345277 0.018954915422873808 
0.44597458 0.011351483874999402 
0.45842161 0.014188947414834674 
0.47639822 0.022976780538718267 
0.48426328 0.021998789985525014 
0.4846701 0.013847382614394943 
0.49046609999999996 0.011319402650358357 
0.49437549999999997 0.007096137459673413 
0.49877895 0.0035210072723792507 
0.5063603600000001 0.0032449484838077414 
0.50823299 -0.002648610341855595 
0.51456232 -0.00402176710036628 
0.51534901 -0.010899924050224774 
0.53654662 0.00264529041386119 
0.54830738 0.006741203464002754 
0.54925848 -1.0183294507859486E-5 
0.55120359 -0.0058312621201712656 
0.55130359 -0.013588730908742908 
0.56403751 -0.00883339109603698 
0.56553561 -0.01546795628672204 
0.5696599800000001 -0.019667566250758384 
0.57152804 -0.026357733621888535 
0.59057204 -0.01615678417508193 
0.59533898 -0.02057862105119823 
0.6079966899999999 -0.017530477511363052 
0.61347505 -0.022177359059237345 
0.6271186400000001 -0.01929808450994308 
0.6292372900000001 -0.028748686574519122 
0.6347822599999999 -0.035809868365718645 
0.6648430399999999 -0.01973304882172211 
0.66890504 -0.03156745583159415 
0.69465463 -0.024544178380741632 
0.7786017000000001 0.036043772296217025 
0.7953666100000001 0.02034037323062421 
0.9170988800000001 0.08107202299307736 
