# detrended QQ Diagram data for weight
0.01 -6858.9368334925975 
0.02 -6859.008712134226 
0.1 -6858.972293019665 
0.1 -6859.003647011679 
0.2 -6858.928782576339 
0.3 -6858.850119674349 
1.0 -6858.168889773445 
1.0 -6858.18581049623 
1.0 -6858.201339430855 
1.0 -6858.215787931931 
2.0 -6857.229378630203 
2.0 -6857.2422771588635 
4.0 -6855.254610878847 
10.0 -6849.266480544505 
14.0 -6845.277967903637 
30.0 -6829.289140842038 
40.0 -6819.3000569864325 
50.0 -6809.310766308818 
50.0 -6809.321313068319 
50.0 -6809.331737306453 
80.0 -6779.342076039903 
90.0 -6769.352364250975 
100.0 -6759.362635749023 
100.0 -6759.372923960095 
100.0 -6759.3832626935455 
135.0 -6724.393686931679 
200.0 -6659.404233691181 
200.0 -6659.414943013566 
200.0 -6659.42585915796 
250.0 -6609.437032096362 
500.0 -6359.448519455494 
500.0 -6359.460389121151 
500.0 -6359.472722841135 
600.0 -6259.485621369795 
1500.0 -5359.499212068067 
4000.0 -2859.513660569143 
4000.0 -2859.529189503768 
4500.0 -2359.5461102265535 
9000.0 2140.435119674351 
10000.0 3140.41378257634 
25000.0 18140.38864701168 
50000.0 43140.35729301967 
70000.0 63140.31371213423 
120000.0 113140.2318334926 
