# detrended QQ Diagram data for dimension 2
0.038135593 0.0616218427654022 
0.092005099 0.054412402577301816 
0.11175848000000001 0.04165578458854864 
0.12738347 0.03389166171432792 
0.15383692 0.04159475422555403 
0.15677966000000002 0.028620675928311606 
0.17770127 0.03554036980249764 
0.17827481 0.023491571473882422 
0.21080509 0.04443774427075822 
0.21123317 0.0340876872353463 
0.21497844 0.027694714685748745 
0.21572749 0.018821859360430376 
0.21761115 0.011504943920947835 
0.22616524999999998 0.011204638723528393 
0.22846141 0.0049315824265269426 
0.22995951 -0.0019049856852781377 
0.23040254999999998 -0.009605053371942951 
0.23070857 -0.017287858207157114 
0.23433178000000002 -0.021532206134321302 
0.24152542 -0.022114726893377734 
0.24205509 -0.02929743379062208 
0.24841102 -0.030616192548987703 
0.26324153 -0.023447903905557732 
0.26377119 -0.030592932663923378 
0.26483051 -0.03724598956116765 
0.26800848 -0.04184418032022419 
0.28036 -0.03736021824738833 
0.28389139 -0.04181765308260249 
0.29078390000000004 -0.043068250769267236 
0.29290254 -0.049284278881072396 
0.32680085000000003 -0.023955185178073823 
0.33262712 -0.02698332037549328 
0.33707420000000005 -0.03173681581497578 
0.34375 -0.0346829211402942 
0.35275424 -0.035816923689891755 
0.37677341000000003 -0.022575890725303638 
0.38351554 -0.027417867928427875 
0.38726081 -0.03629493625704305 
0.40254237 -0.035015292382857055 
0.41272864 -0.04074584068009951 
0.48199152 0.009766681831126722 
0.49311441 -0.0024995410430941334 
0.54381306 0.015689109968152648 
0.8449792700000001 0.25577637378005247 
