# QQ Diagram data for dimension 12
0.36074971 0.3558202740788033 
0.44067797000000003 0.4179681923058297 
0.45762712 0.45104716443628495 
0.47651317 0.474845621433779 
0.48305085000000003 0.49392413795485907 
0.4928774 0.5101195241510306 
0.53019068 0.5243664945510913 
0.53632252 0.5372097424988346 
0.5528017 0.5489965887383843 
0.55763878 0.5599633591383452 
0.56104129 0.5702790359510683 
0.5672669499999999 0.5800693388731999 
0.57293528 0.5894309380123472 
0.57677142 0.5984403084173886 
0.5850110100000001 0.6071594986937837 
0.59957627 0.6156400358442885 
0.61334746 0.6239256599784407 
0.62471086 0.6320543010826918 
0.6441862599999999 0.6400595529283606 
0.6479315299999999 0.6479718080200865 
0.65017869 0.655819162937931 
0.65841829 0.6636281701186363 
0.66630997 0.6714244916995457 
0.6731991500000001 0.6792334988802509 
0.67584746 0.6870808537980954 
0.7071067799999999 0.6949931088898214 
0.71048209 0.7029983607354902 
0.7213920399999999 0.7111270018397412 
0.7258331299999999 0.7194126259738934 
0.73182556 0.7278931631243982 
0.7436440700000001 0.7366123534007935 
0.75105932 0.7456217238058347 
0.78072034 0.754983322944982 
0.79171222 0.7647736258671136 
0.7918432299999999 0.7750893026798368 
0.7955508499999999 0.7860560730797976 
0.8040254200000001 0.7978429193193474 
0.81035174 0.8106861672670906 
0.82920255 0.8249331376671514 
0.83594404 0.8411285238633228 
0.8778910499999999 0.8602070403844029 
0.8961864399999999 0.884005497381897 
0.91484069 0.9170844695123522 
0.9463652100000001 0.9792323877393787 
