# QQ Diagram data for dimension 10
0.12288136 0.2241234066294409 
0.32007874 0.2851240268669877 
0.32461070000000003 0.3175923359325805 
0.33951272 0.3409514552556218 
0.39036017 0.35967776780476945 
0.41572486 0.37557417481464156 
0.41578390000000004 0.389558135270645 
0.42172198 0.40216428706184437 
0.42595393000000004 0.41373353912642036 
0.44345277 0.4244978545771262 
0.44597458 0.4346230961250006 
0.45842161 0.4442326625851653 
0.47639822 0.4534214394612817 
0.48426328 0.462264490014475 
0.4846701 0.47082271738560505 
0.49046609999999996 0.4791466973496416 
0.49437549999999997 0.48727936254032655 
0.49877895 0.49525794272762075 
0.5063603600000001 0.5031154115161923 
0.50823299 0.5108816003418556 
0.51456232 0.5185840871003663 
0.51534901 0.5262489340502248 
0.53654662 0.5339013295861388 
0.54830738 0.5415661765359973 
0.54925848 0.5492686632945079 
0.55120359 0.5570348521201712 
0.55130359 0.5648923209087429 
0.56403751 0.572870901096037 
0.56553561 0.581003566286722 
0.5696599800000001 0.5893275462507584 
0.57152804 0.5978857736218885 
0.59057204 0.6067288241750819 
0.59533898 0.6159176010511982 
0.6079966899999999 0.625527167511363 
0.61347505 0.6356524090592374 
0.6271186400000001 0.6464167245099431 
0.6292372900000001 0.6579859765745192 
0.6347822599999999 0.6705921283657186 
0.6648430399999999 0.684576088821722 
0.66890504 0.7004724958315941 
0.69465463 0.7191988083807417 
0.7786017000000001 0.742557927703783 
0.7953666100000001 0.7750262367693759 
0.9170988800000001 0.8360268570069227 
