# detrended QQ Diagram data for dimension 16
0.32284218 -0.18905940665835763 
0.5836864399999999 0.012396732124955956 
0.5850110100000001 -0.017888735067770778 
0.60598452 -0.01965686612764228 
0.6334745799999999 -0.010398104682961207 
0.68538422 0.026035336177821167 
0.7003653000000001 0.02740210970984691 
0.7076271199999999 0.022391010717608628 
0.72882934 0.032329801898002386 
0.73516949 0.028190181883997023 
0.73557083 0.018733932402910547 
0.74046611 0.014273666581348654 
0.74973517 0.014596847132470558 
0.7547669499999999 0.011019335028009669 
0.75504622 0.0029666070493433727 
0.7625367599999999 0.0023532043486886867 
0.77701272 0.008911479179614878 
0.77811937 0.002250455909164728 
0.81832627 0.034807592561598044 
0.8217120099999999 0.03063243626949308 
0.82995161 0.03137315813509012 
0.83527543 0.02923474483331534 
0.83845339 0.024962593803048105 
0.85540254 0.03444951050127332 
0.8580508499999999 0.029598942366870218 
0.86175848 0.02574567607476541 
0.8704005100000001 0.02673794272719876 
0.8707627099999999 0.01933246945674849 
0.87552966 0.016181734287674665 
0.87605932 0.008607451587020143 
0.88613064 0.010346773608353677 
0.88877119 0.004378031503892821 
0.89036017 -0.002978867944985253 
0.89467404 -0.00802054376654715 
0.8951271199999999 -0.01742505324763366 
0.89586834 -0.027163603261638913 
0.91419492 -0.020100452081245224 
0.9463652100000001 -2.0308107348332438E-4 
0.9550435899999999 -0.005139007541457796 
0.9585358700000001 -0.017122926680675388 
0.9666313599999999 -0.027258735235994203 
0.97376993 -0.04286180629586567 
1.0011104 -0.047131373488592754 
1.0097987000000002 -0.09783119470527879 
