# QQ Diagram data for dimension 4
-0.032352319000000004 0.030055343108115806 
0.06666578 0.07270988213355997 
0.08818855499999999 0.09541327024232674 
0.091372563 0.11174707902795267 
0.092005099 0.12484140866459842 
0.13999667 0.13595693356461547 
0.14883475000000002 0.14573518474760472 
0.1509534 0.1545500064894895 
0.16865364 0.16263977855675632 
0.181208 0.1701667006058491 
0.18202008 0.17724675174408366 
0.18997878 0.183966218300268 
0.20683263 0.19039144873779654 
0.21345338 0.19657493086398298 
0.21474255 0.20255925105562916 
0.21572749 0.2083797743034317 
0.23433178000000002 0.21406652114971086 
0.23942146 0.21964552442281365 
0.24156985 0.2251398408376006 
0.24568965 0.23057032995481333 
0.24943491 0.23595627555265228 
0.25093301 0.24131590160356184 
0.25529662 0.24666682103280177 
0.25635593 0.2520264470837113 
0.26553957 0.25741239268155025 
0.26965937 0.26284288179876303 
0.27577828 0.26833719821354995 
0.28005991 0.27391620148665274 
0.28481905999999996 0.2796029483329319 
0.29449152 0.28542347158073444 
0.29555085000000003 0.29140779177238063 
0.29764196 0.2975912738985671 
0.30186868 0.3040165043360956 
0.30243644999999997 0.31073597089227994 
0.31249999 0.3178160220305145 
0.32168996 0.3253429440796073 
0.32983756 0.3334327161468741 
0.33262712 0.3422475378887589 
0.35233233 0.35202578907174814 
0.36599577 0.3631413139717652 
0.36748427 0.3762356436084109 
0.37041878 0.3925694523940369 
0.40254237 0.41527284050280366 
0.42103184 0.4579273795282478 
