# QQ Diagram data for dimension 1
0.044216229999999995 -0.16660108765907983 
0.14232021999999994 -0.03842660204534326 
0.14247880999999996 0.029795799579823534 
0.1467161 0.07887797435052912 
0.15148305000000004 0.11822569686682705 
0.16834983999999997 0.15162722268185208 
0.17752575 0.18101031635059212 
0.18697033999999996 0.20749835885103735 
0.19491525 0.2318076679455694 
0.20673884999999995 0.25442564445966703 
0.22173551999999996 0.2757007990738298 
0.22669492000000002 0.295892417342729 
0.26216882999999996 0.31519987265923544 
0.26377119000000004 0.3337808879259321 
0.26800847999999994 0.35176343280479233 
0.26807039 0.3692537770995661 
0.27701271 0.3863421308478641 
0.30508474999999996 0.4031067212315685 
0.31170551 0.41961683237927866 
0.33898305000000006 0.43593514609530615 
0.36652542000000005 0.45211960904624265 
0.38771186 0.46822498324211725 
0.45338982999999994 0.48430419453061 
0.47775424 0.5004095687264846 
0.48993644000000003 0.5165940316774211 
0.4973517 0.5329123453934487 
0.5201271199999999 0.5494224565411588 
0.53931873 0.5661870469248631 
0.54212768 0.5832754006731612 
0.6059321999999999 0.6007657449679349 
0.66419492 0.6187482898467953 
0.67864274 0.6373293051134918 
0.6936238100000001 0.6566367604299983 
0.77436441 0.6768283786988974 
0.8434345799999999 0.6981035333130603 
0.85116526 0.7207215098271578 
0.8575211899999999 0.7450308189216899 
0.8629099699999999 0.7715188614221351 
0.87394068 0.8009019550908751 
0.8786400999999999 0.8343034809059002 
0.936970342 0.8736512034221979 
0.945770777 0.9227333781929038 
0.94755305 0.9909557798180706 
0.961785072 1.1191302654318072 
