# detrended QQ Diagram data for dimension 11
0.04176526000000001 0.03943570940569478 
0.13108441000000004 0.045638595144120664 
0.14830508999999995 0.018619650269597915 
0.15205791999999996 -0.009455437659939836 
0.15360170000000006 -0.033427154656833574 
0.16525423999999997 -0.04343422993118498 
0.17349225999999998 -0.054250025255658973 
0.18496304999999996 -0.059955720339230606 
0.19405817000000003 -0.06662425992438648 
0.23670100000000002 -0.03864832485285999 
0.25993726000000006 -0.029208191005810125 
0.26452292 -0.03771602517409722 
0.28125 -0.03350909339721053 
0.29662531000000003 -0.030182862960589585 
0.30935922000000005 -0.029109947308179007 
0.32169197999999993 -0.028119008353681585 
0.32627119000000004 -0.034620943865113774 
0.33407799 -0.037685341185680066 
0.38453390000000004 0.0020643915703055238 
0.42584745999999996 0.032796147643961104 
0.42796610999999996 0.024419790832577892 
0.45868644 0.04469640006173842 
0.48014347999999996 0.055726684938261495 
0.5 0.06513948416742205 
0.51684712 0.07149159735603888 
0.5213414399999999 0.06540411342969438 
0.5321540600000001 0.06551055618568014 
0.5385531100000001 0.06103840886511386 
0.53856968 0.04997383335368155 
0.55190678 0.05196911230817908 
0.55579792 0.044199257960589544 
0.56991526 0.04626751839721055 
0.5722771 0.036109210174097184 
0.5732611400000001 0.02399975600581028 
0.5746527699999999 0.011595259852859918 
0.5827638500000001 0.005039444924386571 
0.5917792500000001 -0.001708814660769331 
0.62129237 0.010627820255659004 
0.6414470800000001 0.011728714931184991 
0.64355372 -0.007824260343166412 
0.6472631 -0.029630377340060132 
0.64936441 -0.059356985269598095 
0.6753904 -0.07757062014412064 
0.69462345 -0.1414538344056947 
