# QQ Diagram data for dimension 0
0.043432203 0.01923506630308308 
0.06991525400000001 0.05908206776013167 
0.092005099 0.08029111044865589 
0.10805085 0.09554982188594847 
0.11016949 0.10778227789254728 
0.13082627 0.11816617482371866 
0.13351884 0.12730081788957232 
0.14300847 0.13553544479722646 
0.15355602999999998 0.14309274506858288 
0.1536017 0.15012424231857968 
0.16011025 0.1567382818667019 
0.17977291 0.1630154706436137 
0.18114407 0.1690177900322572 
0.18114407 0.17479427307301418 
0.18127102 0.18038470309158094 
0.18220339000000002 0.18582211734185852 
0.18684026 0.19113456040294477 
0.18726345 0.19634635161277583 
0.1880125 0.20147903008469423 
0.19491524999999998 0.20655208239542208 
0.19999735999999999 0.21158352305773126 
0.20338983 0.21659037653544516 
0.20550847 0.22158909646455482 
0.2065678 0.2265959499422687 
0.20709746 0.23162739060457788 
0.21572749 0.2367004429153058 
0.22086864 0.24183312138722415 
0.22245763 0.24704491259705522 
0.2309322 0.2523573556581415 
0.23433178000000002 0.25779476990841904 
0.23861229 0.26338519992698584 
0.24943491 0.2691616829677428 
0.27489407 0.2751640023563863 
0.27789896 0.2814411911332981 
0.27789896 0.2880552306814203 
0.30326346 0.2950867279314171 
0.31461864 0.30264402820277353 
0.31885593 0.31087865511042767 
0.33262712 0.3200132981762813 
0.35355338999999997 0.3303971951074527 
0.35699153 0.34262965111405147 
0.38726081 0.35788836255134415 
0.40254237 0.37909740523986835 
0.44385593 0.4189444066969169 
