# detrended QQ Diagram data for dimension 9
0.04191583000000003 0.023291218873223926 
0.15205791999999996 0.05693718382469132 
0.15783898 0.022002267155535354 
0.17602764 0.010898075610739022 
0.18644068000000005 -0.0021720939185926047 
0.19588212999999996 -0.012665089399871182 
0.21239896 -0.0136844546639604 
0.22251441999999996 -0.019377387431855797 
0.22881356000000005 -0.027586345041411914 
0.23654197 -0.033356624359200504 
0.24576270999999997 -0.03683316088813751 
0.26816125999999996 -0.02648521946779392 
0.27701271999999993 -0.02915668861541948 
0.28684997 -0.03040881931832573 
0.28763666 -0.0403543354602689 
0.30402542000000005 -0.034404030180086365 
0.31160637999999996 -0.03702161194870873 
0.31909691999999995 -0.0395363877199299 
0.32203390000000004 -0.04645284712226477 
0.33787696000000006 -0.040348759435087034 
0.39194916 0.004064352051235232 
0.40360170000000006 0.0061050046889270515 
0.41737288 0.010279911674709485 
0.42055085 0.0038459943124012352 
0.47490011000000004 0.04853616579872366 
0.48266327000000003 0.04656035348590132 
0.49364407 0.04768771408356631 
0.49876792999999997 0.042806258312345136 
0.50370763 0.037547416543722845 
0.51609806 0.03949939182390538 
0.52731653 0.03998565568196216 
0.52883198 0.030411724979055865 
0.5460602200000001 0.036117035831430444 
0.55084746 0.02885366725177385 
0.55879413 0.024103060722836966 
0.58069199 0.03250223140504849 
0.5829392800000001 0.02024142379549232 
0.58671292 0.008206671027596868 
0.60720447 0.011162025763507555 
0.6152705100000001 -7.063797177707665E-4 
0.62171465 -0.01774544924710242 
0.63744479 -0.03130816079189902 
0.67478813 -0.03468079746105479 
0.70860489 -0.07736016250958733 
