# QQ Diagram data for dimension 6
0.092005099 0.11235865814214294 
0.12605932 0.1526076876710654 
0.15889831000000001 0.17403071460499261 
0.19809322000000001 0.18944337565239644 
0.21048412 0.20179924849144915 
0.21345339000000002 0.21228791160098093 
0.21572749 0.22151471675694767 
0.22333519999999998 0.22983242522801267 
0.23305085 0.23746597331590658 
0.23433178000000002 0.2445684134017112 
0.24193836999999999 0.25124918393258244 
0.25158898 0.2575897051061236 
0.27490274 0.26365258365360844 
0.28014612 0.2694873473241285 
0.28972458 0.2751341808290086 
0.29288002999999996 0.28062645474468345 
0.30526603999999996 0.2859924966002258 
0.30711205999999996 0.2912568710984972 
0.30717032 0.2964413346672651 
0.3125 0.30156557048903315 
0.31647980000000003 0.3066477748302705 
0.31680432000000003 0.3117051439196038 
0.31984597000000003 0.31675429739857797 
0.32203390000000004 0.32181166648791126 
0.32944914999999997 0.3268938708291486 
0.33050848 0.33201810665091674 
0.33262712 0.3372025702196846 
0.34231758 0.34246694471795597 
0.34381569 0.3478329865734983 
0.34456475000000003 0.3533252604891731 
0.34606285000000003 0.3589720939940533 
0.34681191 0.3648068576645734 
0.38126837999999996 0.37086973621205815 
0.38241525000000004 0.3772102573855993 
0.40254237 0.38389102791647056 
0.40448905 0.3909934680022752 
0.40448905 0.3986270160901691 
0.40889831 0.4069447245612341 
0.41647391 0.41617152971720084 
0.41722296999999997 0.4266601928267326 
0.42696066 0.43901606566578527 
0.46366430000000003 0.4544287267131892 
0.47245763 0.4758517536471164 
0.48523629 0.5161007831760388 
