# QQ Diagram data for dimension 16
0.32284218 0.5119015866583576 
0.5836864399999999 0.571289707875044 
0.5850110100000001 0.6028997450677709 
0.60598452 0.6256413861276423 
0.6334745799999999 0.6438726846829611 
0.68538422 0.6593488838221788 
0.7003653000000001 0.6729631902901532 
0.7076271199999999 0.6852361092823913 
0.72882934 0.6964995381019976 
0.73516949 0.706979308116003 
0.73557083 0.7168368975970895 
0.74046611 0.7261924434186513 
0.74973517 0.7351383228675294 
0.7547669499999999 0.7437476149719903 
0.75504622 0.7520796129506566 
0.7625367599999999 0.7601835556513112 
0.77701272 0.7681012408203851 
0.77811937 0.7758689140908352 
0.81832627 0.783518677438402 
0.8217120099999999 0.7910795737305069 
0.82995161 0.7985784518649098 
0.83527543 0.8060406851666847 
0.83845339 0.8134907961969519 
0.85540254 0.8209530294987267 
0.8580508499999999 0.8284519076331297 
0.86175848 0.8360128039252346 
0.8704005100000001 0.8436625672728013 
0.8707627099999999 0.8514302405432514 
0.87552966 0.8593479257123253 
0.87605932 0.8674518684129798 
0.88613064 0.8757838663916463 
0.88877119 0.8843931584961072 
0.89036017 0.8933390379449853 
0.89467404 0.9026945837665471 
0.8951271199999999 0.9125521732476336 
0.89586834 0.923031943261639 
0.91419492 0.9342953720812452 
0.9463652100000001 0.9465682910734834 
0.9550435899999999 0.9601825975414577 
0.9585358700000001 0.9756587966806755 
0.9666313599999999 0.9938900952359941 
0.97376993 1.0166317362958657 
1.0011104 1.0482417734885927 
1.0097987000000002 1.107629894705279 
