# QQ Diagram data for dimension 17
0.008988650000000008 -0.14912168252481017 
0.011122880000000009 -0.06413248979668135 
0.023834749999999984 -0.018895976364746714 
0.024718780000000037 0.013649146723745231 
0.029131349999999997 0.03973960580643948 
0.030720339999999964 0.06188729535099968 
0.034957629999999996 0.08137046627073205 
0.04282458999999995 0.09893400349330658 
0.048728809999999956 0.11505287883600912 
0.08769376999999998 0.1300502752045023 
0.1168524 0.14415728103460831 
0.13718219999999998 0.15754582188446026 
0.16207627000000002 0.1703480971042677 
0.16404278 0.18266868867929126 
0.16525423 0.19459244998899056 
0.17690678 0.20618984579699484 
0.21797465 0.21752069205057167 
0.23199152000000003 0.228636859174679 
0.23463982999999997 0.2395842876864981 
0.23745005000000002 0.2504045402724066 
0.23819911000000002 0.26113603987119255 
0.23969722000000002 0.2718150977580855 
0.24152543000000004 0.28247680769645994 
0.28763666 0.2931558655833529 
0.28972456999999996 0.30388736518213877 
0.29025424 0.31470761776804734 
0.31235542999999993 0.32565504627986647 
0.31535164999999993 0.33677121340397376 
0.375 0.3481020596575506 
0.38559321999999996 0.3596994554655548 
0.3908366 0.37162321677525423 
0.41347769000000006 0.38394380835027775 
0.43819646999999995 0.3967460835700852 
0.44718512 0.4101346244199371 
0.45709745999999996 0.42424163025004313 
0.46027542000000005 0.4392390266185363 
0.47086865 0.4553579019612388 
0.48201612 0.47292143918381335 
0.48388875 0.49240461010354575 
0.49812077 0.514552299648106 
0.5414061899999999 0.5406427587308 
0.6091101699999999 0.5731878818192921 
0.6302966200000001 0.6184243952512267 
0.7092161 0.7034135879793556 
