# detrended QQ Diagram data for dimension 1
0.044216229999999995 0.21081731765907982 
0.14232021999999994 0.1807468220453432 
0.14247880999999996 0.11268301042017642 
0.1467161 0.06783812564947087 
0.15148305000000004 0.03325735313317299 
0.16834983999999997 0.016722617318147892 
0.17752575 -0.0034845663505921054 
0.18697033999999996 -0.02052801885103739 
0.19491525 -0.036892417945569383 
0.20673884999999995 -0.04768679445966709 
0.22173551999999996 -0.053965279073829864 
0.22669492000000002 -0.06919749734272895 
0.26216882999999996 -0.05303104265923547 
0.26377119000000004 -0.07000969792593204 
0.26800847999999994 -0.08375495280479239 
0.26807039 -0.10118338709956609 
0.27701271 -0.10932942084786412 
0.30508474999999996 -0.09802197123156853 
0.31170551 -0.10791132237927864 
0.33898305000000006 -0.09695209609530608 
0.36652542000000005 -0.08559418904624261 
0.38771186 -0.08051312324211723 
0.45338982999999994 -0.030914364530610083 
0.47775424 -0.02265532872648457 
0.48993644000000003 -0.0266575916774211 
0.4973517 -0.035560645393448664 
0.5201271199999999 -0.0292953365411589 
0.53931873 -0.026868316924863134 
0.54212768 -0.04114772067316119 
0.6059321999999999 0.0051664550320650315 
0.66419492 0.045446630153204715 
0.67864274 0.04131343488650818 
0.6936238100000001 0.03698704957000176 
0.77436441 0.09753603130110255 
0.8434345799999999 0.14533104668693964 
0.85116526 0.13044375017284227 
0.8575211899999999 0.11249037107831006 
0.8629099699999999 0.09139110857786481 
0.87394068 0.07303872490912489 
0.8786400999999999 0.044336619094099694 
0.936970342 0.06331913857780203 
0.945770777 0.02303739880709621 
0.94755305 -0.043402729818070584 
0.961785072 -0.1573451934318072 
