# detrended QQ Diagram data for dimension 17
0.008988650000000008 0.1581103325248102 
0.011122880000000009 0.07525536979668135 
0.023834749999999984 0.0427307263647467 
0.024718780000000037 0.011069633276254806 
0.029131349999999997 -0.010608255806439485 
0.030720339999999964 -0.03116695535099972 
0.034957629999999996 -0.046412836270732054 
0.04282458999999995 -0.056109413493306635 
0.048728809999999956 -0.06632406883600916 
0.08769376999999998 -0.04235650520450232 
0.1168524 -0.02730488103460832 
0.13718219999999998 -0.02036362188446028 
0.16207627000000002 -0.008271827104267687 
0.16404278 -0.01862590867929126 
0.16525423 -0.029338219988990555 
0.17690678 -0.029283065796994828 
0.21797465 4.539579494283186E-4 
0.23199152000000003 0.003354660825321043 
0.23463982999999997 -0.0049444576864981216 
0.23745005000000002 -0.012954490272406582 
0.23819911000000002 -0.02293692987119253 
0.23969722000000002 -0.03211787775808547 
0.24152543000000004 -0.0409513776964599 
0.28763666 -0.005519205583352893 
0.28972456999999996 -0.01416279518213881 
0.29025424 -0.024453377768047346 
0.31235542999999993 -0.013299616279866533 
0.31535164999999993 -0.02141956340397383 
0.375 0.02689794034244941 
0.38559321999999996 0.02589376453444514 
0.3908366 0.01921338322474575 
0.41347769000000006 0.029533881649722316 
0.43819646999999995 0.041450386429914776 
0.44718512 0.0370504955800629 
0.45709745999999996 0.03285582974995682 
0.46027542000000005 0.021036393381463736 
0.47086865 0.01551074803876118 
0.48201612 0.00909468081618664 
0.48388875 -0.00851586010354577 
0.49812077 -0.016431529648106014 
0.5414061899999999 7.634312691998657E-4 
0.6091101699999999 0.03592228818070775 
0.6302966200000001 0.011872224748773363 
0.7092161 0.0058025120206444125 
