# QQ Diagram data for dimension 7
0.044216229999999995 -0.030573781014194112 
0.13857494999999995 0.05105410832006324 
0.14452973999999993 0.09450152785376453 
0.1467161 0.12575949866818736 
0.15889831000000004 0.15081808598169252 
0.17228237000000002 0.17208983940257774 
0.17752575 0.19080245530897608 
0.19491525 0.20767135859775765 
0.21040103999999996 0.22315273605801605 
0.21451271999999993 0.23755698878442394 
0.21647654999999996 0.25110606571731375 
0.21716102 0.2639650927977909 
0.24269343000000004 0.276261040921596 
0.24868586000000004 0.2880943558800725 
0.26807039 0.2995465351206702 
0.27860170000000006 0.3106852565415178 
0.27939706999999997 0.3215679703826664 
0.28495763 0.33224449560547187 
0.28707627 0.3427589557900278 
0.28813559 0.3531512698278446 
0.32627119000000004 0.3634583410391517 
0.33482704 0.37371504459643723 
0.37902122 0.3839550863126535 
0.39088982999999994 0.39421178986993904 
0.39300847 0.4045188610812461 
0.44793417 0.41491117511906295 
0.44809321999999996 0.4254256353036189 
0.45974576 0.43610216052642437 
0.47415106 0.44698487436757295 
0.47639820999999993 0.45812359578842055 
0.49152542 0.4695757750290183 
0.52733387 0.48140908998749476 
0.5475583300000001 0.49370503811129984 
0.55333136 0.506564065191777 
0.55497829 0.5201131421246667 
0.55528385 0.5345173948510746 
0.56179035 0.5499987723113331 
0.57826953 0.5668676756001146 
0.59639831 0.585580291506513 
0.6003253199999999 0.6068520449273982 
0.64268816 0.6319106322409034 
0.6439503 0.6631686030553263 
0.6441862599999999 0.7066160225890274 
0.82695539 0.7882439119232849 
