# QQ Diagram data for dimension 8
0.12451398000000001 0.1818029827182967 
0.19385593 0.22691747508412427 
0.22033898 0.25093020275421807 
0.25332475 0.26820600759469326 
0.26990283 0.2820555075054928 
0.2736815 0.293812081945199 
0.28230932000000003 0.30415426002108825 
0.31925984999999996 0.3134774461875868 
0.33951272 0.3220337679415808 
0.35505149999999996 0.3299947792449596 
0.36546609999999996 0.3374831478998176 
0.37085972 0.3445901365012084 
0.37472747 0.3513859199311888 
0.39138061 0.35792601305022737 
0.39250419 0.3642554582574453 
0.39325324 0.37041166009733556 
0.39580421 0.37642637044339783 
0.39724576 0.3823271234775165 
0.41099555 0.38813830563101454 
0.41260593999999995 0.3938819794678144 
0.41272864 0.3995785408914773 
0.41365032 0.40524726487916857 
0.42002118 0.4109067801208314 
0.42246634 0.4165755041085227 
0.42372881 0.4222720655321856 
0.42643101 0.42801573936898546 
0.4344512 0.4338269215224835 
0.43744742000000003 0.43972767455660217 
0.44194173999999997 0.44574238490266443 
0.44637103 0.4518985867425546 
0.45217635 0.45822803194977263 
0.45767187000000004 0.4647681250688112 
0.47563559 0.4715639084987916 
0.49212835 0.4786708971001824 
0.4928774 0.48615926575504037 
0.49364407 0.4941202770584192 
0.49470339 0.5026765988124132 
0.49886982999999996 0.5119997849789117 
0.50052966 0.522341963054801 
0.52648306 0.5340985374945072 
0.53072033 0.5479480374053067 
0.53570198 0.5652238422457819 
0.58243075 0.5892365699158757 
0.60598452 0.6343510622817032 
