# QQ Diagram data for dimension 13
0.04282458999999995 -0.02013913372499948 
0.09737698999999998 0.05681863067990117 
0.10169492000000002 0.09778032041297413 
0.14300847 0.12724994866541084 
0.14656131000000006 0.15087487483366638 
0.15355602999999995 0.17092962084749724 
0.16790254000000004 0.1885716436667695 
0.18282236000000002 0.20447543703512608 
0.18651439000000006 0.21907108821472723 
0.18908898 0.23265123951826372 
0.21198221999999997 0.24542514166138343 
0.22022181999999998 0.2575484733389095 
0.24258475 0.269140941140837 
0.24419154000000004 0.2802972441168253 
0.24419154000000004 0.2910942170522842 
0.25523693000000003 0.3015956658324581 
0.27375253999999993 0.3118557538330624 
0.29213098000000004 0.32192144975465004 
0.32627119000000004 0.33183435276276657 
0.33686441 0.3416320978945693 
0.37822349999999993 0.35134947714391135 
0.38771186 0.36101937039204196 
0.38983051 0.3706735550625036 
0.40360170000000006 0.38034344831063416 
0.40898337 0.39006082755997623 
0.41631356 0.399858572691779 
0.42546256000000005 0.4097714756998955 
0.44044363 0.41983717162148315 
0.47669492 0.43009725962208745 
0.48388875 0.44059870840226134 
0.48728814 0.45139568133772034 
0.49362645 0.4625519843137086 
0.50860753 0.47414445211563605 
0.5161513 0.48626778379316216 
0.53707157 0.49904168593628184 
0.53813559 0.5126218372398184 
0.54381306 0.5272174884194195 
0.5487288100000001 0.5431212817877761 
0.55060777 0.5607633046070484 
0.5568931199999999 0.5808180506208792 
0.56296272 0.6044429767891346 
0.5867441099999999 0.6339126050415715 
0.6975635600000001 0.6748742947746444 
0.6991177700000001 0.7518320591795451 
