# QQ Diagram data for dimension 14
0.5579004700000001 0.4901248328840153 
0.5646186599999999 0.5461732949909857 
0.5850110100000001 0.5760057587143657 
0.60598452 0.5974685357997669 
0.6067335699999999 0.6146746070696479 
0.61334746 0.6292805104598137 
0.61513378 0.6421292237134087 
0.6519640900000001 0.6537119816957424 
0.6651597699999999 0.6643420176432828 
0.67856015 0.67423246341739 
0.68384802 0.6835357166467835 
0.68437997 0.6923651583722864 
0.68908898 0.7008079710936137 
0.69811814 0.7089331242791154 
0.70233051 0.7167965768251007 
0.7046629400000001 0.7244447986591849 
0.7176835 0.7319172370539705 
0.7184851800000001 0.7392480993887067 
0.73622881 0.7464676824017642 
0.7441737399999999 0.7536033957505088 
0.74530853 0.7606805784993508 
0.76927824 0.7677231771180522 
0.77002731 0.7747543351546753 
0.77915 0.7817969337733766 
0.78019067 0.7888741165222186 
0.79102082 0.7960098298709632 
0.8010451900000001 0.8032294128840207 
0.80720339 0.810560275218757 
0.80748 0.8180327136135426 
0.81144069 0.8256809354476268 
0.8194734899999999 0.8335443879936122 
0.84469299 0.8416695411791137 
0.8510600899999999 0.850112353900441 
0.85314285 0.858941795625944 
0.85646186 0.8682450488553375 
0.91159847 0.8781354946294446 
0.91499224 0.888765530576985 
0.94067795 0.9003482885593187 
0.9463652100000001 0.9131970018129137 
0.95290787 0.9278029052030795 
0.95416601 0.9450089764729606 
0.96610169 0.9664717535583618 
0.9718973399999999 0.9963042172817418 
1.0654091 1.0523526793887121 
