# QQ Diagram data for dimension 19
0.010486750000000029 -0.1560352143787212 
0.011122880000000009 -0.07434231547413023 
0.014232020000000034 -0.030860293819768625 
0.02436441000000002 4.225712712148111E-4 
0.02913135999999997 0.02550111558725554 
0.038135589999999976 0.046789810124239856 
0.04282458999999995 0.06551732901453028 
0.048728809999999956 0.08239966692919459 
0.06885592999999994 0.09789337397074038 
0.07865065000000004 0.11230909844152825 
0.08152886000000001 0.12586896604507009 
0.11984861000000001 0.13873823423103493 
0.12288135999999997 0.15104397501652578 
0.12658898 0.1628867141892916 
0.15617772000000002 0.17434801410246686 
0.1779661 0.18549560655378627 
0.18114407000000005 0.19638698753745992 
0.18276913000000003 0.20707201569134753 
0.18485170000000006 0.217594849736167 
0.19438558999999997 0.22799544035538116 
0.19475399000000004 0.23831072025952976 
0.20673884999999995 0.2485755923961665 
0.21398305000000004 0.2588237894220153 
0.23745005000000002 0.269088661558652 
0.23834745999999996 0.27940394146280056 
0.25900424 0.28980453208201484 
0.28495763 0.30032736612683425 
0.32044492 0.31101239428072186 
0.34231758 0.3219037752643955 
0.34322033999999996 0.33305136771571486 
0.35434321999999996 0.3445126676288902 
0.37817796 0.356355406801656 
0.37864669 0.36866114758714685 
0.41272864000000004 0.3815304157731117 
0.42246633999999994 0.39509028337665353 
0.42995687999999993 0.4095060078474414 
0.44650424 0.4249997148889872 
0.45242849 0.4418820528036515 
0.48388875 0.4606095716939419 
0.48838307 0.48189826623092624 
0.49576271000000005 0.506976810546967 
0.5313816100000001 0.5382596756379505 
0.66419492 0.581741697292312 
0.6880296599999999 0.663434596196903 
