# detrended QQ Diagram data for dimension 28
8.508006495865576E-4 0.26517091043906965 
0.0016932188904800025 0.13587359309000793 
0.00814947403119897 0.0730614188214076 
0.00814947403119897 0.023226685986286848 
0.015589360921053244 -0.00928445310081931 
0.022433393414870197 -0.03635407914094826 
0.05926738318371875 -0.0293537026887807 
0.05926738318371875 -0.05624787613365547 
0.05926738318371875 -0.08092991049321324 
0.05926738318371875 -0.10389467972189526 
0.09393657986206587 -0.09082684140176596 
0.09393657986206587 -0.11132804996964511 
0.13761460212473137 -0.08725351679276488 
0.2050314593396491 -0.03870257038858388 
0.23155118198679725 -0.030441112048591845 
0.29362225109506457 0.013871440058416784 
0.3175280875844005 0.020426913659050028 
0.33618980632366147 0.022066997013059475 
0.33618980632366147 0.005303742695825064 
0.33618980632366147 -0.011264773433645237 
0.3757463194482635 0.011859126608758652 
0.3856999586216072 0.005460454092358569 
0.3946147712664868 -0.0019504808993508482 
0.3946147712664868 -0.01830279258909462 
0.3946147712664868 -0.03473540567129274 
0.42005537601275184 -0.025863317054498125 
0.45345781233954097 -0.009224135044943349 
0.45345781233954097 -0.02624577043019488 
0.45345781233954097 -0.043596133318897556 
0.4724525263777035 -0.04235993628199364 
0.5315494114793945 -0.0015213154874588186 
0.5315494114793945 -0.02038722629819556 
0.5315494114793945 -0.0399907153839808 
0.5471103229708705 -0.044931012460384 
0.6253721367842842 0.011729442994811823 
0.7092020958111608 0.07259463279300649 
0.7092020958111608 0.04791259843344864 
0.719270731412582 0.03108706058999522 
0.7785286156505813 0.06051133151131349 
0.7875364912822858 0.03560554860907206 
0.8658785802968034 0.0739966116466293 
0.9251442534366272 0.08342755195133222 
0.9539137426199311 0.04292861172531692 
1.0 -0.04112486648456937 
