# detrended QQ Diagram data for dimension 19
0.010486750000000029 0.16652196437872122 
0.011122880000000009 0.08546519547413023 
0.014232020000000034 0.04509231381976866 
0.02436441000000002 0.02394183872878521 
0.02913135999999997 0.00363024441274443 
0.038135589999999976 -0.00865422012423988 
0.04282458999999995 -0.022692739014530332 
0.048728809999999956 -0.03367085692919464 
0.06885592999999994 -0.029037443970740442 
0.07865065000000004 -0.03365844844152821 
0.08152886000000001 -0.04434010604507008 
0.11984861000000001 -0.01888962423103492 
0.12288135999999997 -0.02816261501652581 
0.12658898 -0.03629773418929161 
0.15617772000000002 -0.018170294102466844 
0.1779661 -0.007529506553786286 
0.18114407000000005 -0.015242917537459877 
0.18276913000000003 -0.024302885691347503 
0.18485170000000006 -0.03274314973616693 
0.19438558999999997 -0.03360985035538119 
0.19475399000000004 -0.04355673025952972 
0.20673884999999995 -0.041836742396166554 
0.21398305000000004 -0.04484073942201525 
0.23745005000000002 -0.031638611558652 
0.23834745999999996 -0.04105648146280061 
0.25900424 -0.030800292082014846 
0.28495763 -0.015369736126834233 
0.32044492 0.009432525719278162 
0.34231758 0.0204138047356045 
0.34322033999999996 0.010168972284285094 
0.35434321999999996 0.009830552371109746 
0.37817796 0.021822553198343975 
0.37864669 0.009985542412853154 
0.41272864000000004 0.031198224226888338 
0.42246633999999994 0.027376056623346412 
0.42995687999999993 0.02045087215255853 
0.44650424 0.021504525111012807 
0.45242849 0.010546437196348513 
0.48388875 0.02327917830605808 
0.48838307 0.006484803769073733 
0.49576271000000005 -0.01121410054696692 
0.5313816100000001 -0.006878065637950459 
0.66419492 0.08245322270768807 
0.6880296599999999 0.02459506380309684 
