# detrended QQ Diagram data for dimension 22
0.0 0.0428037590934303 
0.0 0.01106690320560165 
0.0 -0.005825417589227763 
0.02150840965617868 0.0035299188566289483 
0.02401137436944629 -0.0037098744605689356 
0.025866762737153565 -0.010124926236617007 
0.029934050088917148 -0.013333088478726683 
0.03819439843697116 -0.011631355783094044 
0.05557404054697666 -2.7086043050812E-4 
0.05630374168753085 -0.005141520841358355 
0.0781317312733598 0.011418598834574939 
0.08242485143226708 0.010712139895710335 
0.08576747398976435 0.00927410798826793 
0.08824580221287864 0.007151653138643327 
0.08992545802659443 0.004378711131629992 
0.0921625366512153 0.002285064076691351 
0.09303355957762395 -0.001075103141125161 
0.09385617137169669 -0.004403515526930871 
0.09794002669308045 -0.004407673632540368 
0.10094733280405976 -0.005440890627685699 
0.10675133610312934 -0.003644268094267711 
0.10823762928337353 -0.006145772777432668 
0.11464438937337755 -0.003720332440805163 
0.11610575608541081 -0.006246763592181043 
0.12564471368539196 -7.151867578514826E-4 
0.12573844567502018 -0.004661977874347911 
0.1265483226728636 -0.00794011430349778 
0.13822427194494932 -4.1518921129049535E-4 
0.1384838250080269 -0.004386826292438084 
0.141747419788314 -0.005453957191710462 
0.14362020131465664 -0.008033773486096962 
0.14466631662221452 -0.011588441251277976 
0.15184502619254997 -0.00919038614588219 
0.15563474231910338 -0.010400249117100663 
0.15811955117143006 -0.013183310174669643 
0.16176267966098976 -0.01514054323651437 
0.17232958718246297 -0.010592782472460732 
0.18360988050225674 -0.005871104805088345 
0.1947107712319276 -0.002045663669290765 
0.2063381447746645 0.0013112697296908116 
0.22750774615209238 0.012738113076653235 
0.25574347295060573 0.028820766664844566 
0.2777050728887324 0.033890045808141867 
0.29091170111049725 0.015359818142078041 
