# detrended QQ Diagram data for dimension 24
0.0 0.046259657385081546 
0.0 0.012964507906201642 
0.03797340196067372 0.033216168686939045 
0.041371231814130216 0.023864204087044427 
0.04408930659847578 0.01636114713397327 
0.04781345832584169 0.011408776466817164 
0.04988102444753317 0.005843665217749733 
0.0510923844270847 1.7437862998840453E-4 
0.05561755869034529 -0.0016151366189045557 
0.05792951450016648 -0.0051785225773047505 
0.05871836888162092 -0.00991619283663979 
0.06615888144538495 -0.007720740904595028 
0.06626056939250068 -0.012634439660548571 
0.06984620348801289 -0.01387548911138882 
0.07081035487897797 -0.017582560053678448 
0.07629509034652297 -0.016641190802452827 
0.07745737768967006 -0.01991784690170162 
0.08255239299120337 -0.019177672894088116 
0.0860336545142493 -0.019985148056379964 
0.08759927057450481 -0.022658446564939094 
0.09907794128619751 -0.015383920778085286 
0.10289065001439636 -0.015754812543364624 
0.10755639914174006 -0.015265867721412918 
0.10767891817095904 -0.0193269491856721 
0.11068267224985534 -0.020527340031614688 
0.12395878684742326 -0.011490140002861443 
0.12444780071138348 -0.015289862824238998 
0.13768333710099598 -0.0064091677285463 
0.15011942002725429 0.0015879717553161365 
0.15051695128657433 -0.0025578632016831915 
0.1506445731286053 -0.007101463692906956 
0.1525570820403514 -0.010015638327513315 
0.17321778749385436 0.005629680422920391 
0.18382213571743342 0.010988968014780165 
0.18471505073210356 0.006355358388660831 
0.18750300047307195 0.003267966361407859 
0.2031317367919155 0.012582013168097844 
0.21450813368874624 0.017077763497615722 
0.23890588550266084 0.03384283794077142 
0.24056320325899594 0.02682363330258447 
0.24926727468115978 0.025306572987331633 
0.2564215891963378 0.019711093049158468 
0.2628367692378283 0.008404531910712665 
0.2720829035133645 -0.015644483292631017 
