# QQ Diagram data for dimension 3
0.044216229999999995 -0.1472635236582348 
0.12284482000000002 -0.03102076118625885 
0.14284437000000003 0.030850838215206677 
0.1467161 0.07536396854812594 
0.15730931999999995 0.11104882377008479 
0.16750716 0.14134101189883846 
0.17752575 0.16798884248440643 
0.19226694999999996 0.19201112131769765 
0.19491525 0.214057484362596 
0.20224451999999996 0.23456996045279233 
0.22305187 0.2538646175175494 
0.23569915000000002 0.2721766042996123 
0.23940678 0.2896867345844997 
0.24364407000000005 0.30653804889867464 
0.24788135999999997 0.3228466042479382 
0.26588984000000004 0.3387087778129443 
0.26807039 0.3542063820068606 
0.26965936999999995 0.369410361867452 
0.27356992 0.3843835518852594 
0.28913476000000005 0.3991827988348573 
0.29237288 0.4138606551456034 
0.33739407000000005 0.4284667850489849 
0.34639831000000004 0.4430491875419243 
0.44385592999999995 0.4576553174453058 
0.45180085 0.4723331737560518 
0.46239407000000005 0.48713242070564977 
0.47563559 0.5021056107234572 
0.50211865 0.5173095905840486 
0.5034258699999999 0.5328071947779649 
0.51740891 0.548669368342971 
0.612726 0.5649779236922345 
0.61652542 0.5818292380064095 
0.64980417 0.5993393682912969 
0.69067797 0.6176513550733598 
0.6943728699999999 0.6369460121381169 
0.69915255 0.6574584882283132 
0.7748940700000001 0.6795048512732116 
0.78072034 0.7035271301065027 
0.78800459 0.7301749606920707 
0.8217120099999999 0.7604671488208243 
0.8748948299999999 0.7961520040427831 
0.89212307 0.8406651343757026 
0.919491528 0.902536733777168 
0.9210488689999999 1.0187794962491439 
