# detrended QQ Diagram data for dimension 3
0.044216229999999995 0.1914797536582348 
0.12284482000000002 0.15386558118625887 
0.14284437000000003 0.11199353178479335 
0.1467161 0.07135213145187405 
0.15730931999999995 0.046260496229915155 
0.16750716 0.026166148101161524 
0.17752575 0.009536907515593579 
0.19226694999999996 2.558286823023115E-4 
0.19491525 -0.01914223436259599 
0.20224451999999996 -0.03232544045279237 
0.22305187 -0.030812747517549394 
0.23569915000000002 -0.0364774542996123 
0.23940678 -0.050279954584499714 
0.24364407000000005 -0.0628939788986746 
0.24788135999999997 -0.07496524424793824 
0.26588984000000004 -0.07281893781294424 
0.26807039 -0.08613599200686062 
0.26965936999999995 -0.09975099186745207 
0.27356992 -0.11081363188525939 
0.28913476000000005 -0.11004803883485725 
0.29237288 -0.12148777514560338 
0.33739407000000005 -0.09107271504898484 
0.34639831000000004 -0.09665087754192425 
0.44385592999999995 -0.013799387445305844 
0.45180085 -0.02053232375605185 
0.46239407000000005 -0.024738350705649725 
0.47563559 -0.026470020723457166 
0.50211865 -0.015190940584048573 
0.5034258699999999 -0.029381324777964957 
0.51740891 -0.031260458342970976 
0.612726 0.04774807630776545 
0.61652542 0.03469618199359048 
0.64980417 0.050464801708703155 
0.69067797 0.0730266149266402 
0.6943728699999999 0.05742685786188306 
0.69915255 0.041694061771686775 
0.7748940700000001 0.09538921872678852 
0.78072034 0.07719320989349732 
0.78800459 0.05782962930792934 
0.8217120099999999 0.0612448611791756 
0.8748948299999999 0.07874282595721682 
0.89212307 0.05145793562429746 
0.919491528 0.01695479422283197 
0.9210488689999999 -0.09773062724914394 
