# detrended QQ Diagram data for dimension 25
0.0 0.040269016857266984 
0.0 0.008849623607541227 
0.0 -0.007873723904548394 
0.0 -0.019905230356775536 
0.0 -0.02955053192596832 
0.0 -0.037738243151787115 
0.009830880902670997 -0.035110035780054255 
0.024798089845445716 -0.0266358368911287 
0.03612292883713893 -0.021269935346408794 
0.04060120841640684 -0.022335997101586125 
0.07142572215505136 0.003273341042084446 
0.08290506454427246 0.009803114945025643 
0.09496158397885174 0.017126800630859113 
0.09710001795365639 0.014710473001994559 
0.11309720219795799 0.02629959860284331 
0.113364776026814 0.022279766846732427 
0.11407403810649687 0.018800163226371 
0.11549828918147528 0.016114912668368203 
0.11666978802287468 0.013239290335356632 
0.11706587042131668 0.009635266836269571 
0.11885668131882747 0.007458782655074034 
0.12318234811577874 0.007836541388488369 
0.12851020988294193 0.009222908401843546 
0.128819834124601 0.005584624579965683 
0.13029660999999998 0.0030941053766583293 
0.13432311971678584 0.003120509195915111 
0.1490306525054617 0.013780920810180036 
0.15020349941925762 0.01084426609099473 
0.1509682568884654 0.007420157860158233 
0.15196010810727692 0.004124603494002843 
0.16180343136381903 0.009559868107092084 
0.1636188295042963 0.00682050464390016 
0.1649560252505088 0.003424866641366847 
0.16787496438115027 0.0013942372857284335 
0.16814340993580754 -0.003552492754588271 
0.17259148130064955 -0.0046487627241914575 
0.17527752334423632 -0.00792165812757803 
0.17746253045615962 -0.012229661069503905 
0.18360835365434358 -0.013286511402258061 
0.1886069295935897 -0.016475646688830725 
0.1989072832271684 -0.015820594624444767 
0.210173340227541 -0.016586044076299405 
0.24567594426059813 0.0021932124446681356 
0.2695615534148577 -0.005340571650798043 
