# detrended QQ Diagram data for dimension 6
0.092005099 -0.02035355914214293 
0.12605932 -0.026548367671065387 
0.15889831000000001 -0.0151324046049926 
0.19809322000000001 0.008649844347603575 
0.21048412 0.008684871508550851 
0.21345339000000002 0.0011654783990190931 
0.21572749 -0.005787226756947678 
0.22333519999999998 -0.006497225228012687 
0.23305085 -0.004415123315906572 
0.23433178000000002 -0.010236633401711187 
0.24193836999999999 -0.009310813932582457 
0.25158898 -0.0060007251061235944 
0.27490274 0.011250156346391538 
0.28014612 0.010658772675871508 
0.28972458 0.01459039917099142 
0.29288002999999996 0.012253575255316507 
0.30526603999999996 0.019273543399774162 
0.30711205999999996 0.01585518890150278 
0.30717032 0.01072898533273492 
0.3125 0.010934429510966848 
0.31647980000000003 0.00983202516972953 
0.31680432000000003 0.005099176080396228 
0.31984597000000003 0.0030916726014220686 
0.32203390000000004 2.222335120887764E-4 
0.32944914999999997 0.0025552791708513545 
0.33050848 -0.001509626650916751 
0.33262712 -0.004575450219684585 
0.34231758 -1.4936471795595763E-4 
0.34381569 -0.004017296573498308 
0.34456475000000003 -0.00876051048917309 
0.34606285000000003 -0.012909243994053243 
0.34681191 -0.01799494766457338 
0.38126837999999996 0.010398643787941808 
0.38241525000000004 0.005204992614400716 
0.40254237 0.01865134208352942 
0.40448905 0.013495581997724826 
0.40448905 0.0058620339098309215 
0.40889831 0.0019535854387658924 
0.41647391 3.0238028279916396E-4 
0.41722296999999997 -0.00943722282673265 
0.42696066 -0.01205540566578528 
0.46366430000000003 0.00923557328681085 
0.47245763 -0.003394123647116387 
0.48523629 -0.030864493176038788 
