# detrended QQ Diagram data for dimension 27
0.0 0.09488006594619172 
0.0 0.045733987302082946 
0.0 0.019575399658793874 
0.0 7.557694511539093E-4 
0.026851246957212235 0.01251987752894708 
0.03826043774991734 0.011121885935249647 
0.04388522515118272 0.005480282639985082 
0.04592194252677256 -0.00263933814815602 
0.051548831999984265 -0.0063333927834633985 
0.05173354429241141 -0.014821115158590081 
0.06563630803792819 -0.00907590645865533 
0.07190233264067175 -0.010551975414107337 
0.07537021715085415 -0.014487168925725491 
0.09075924301241224 -0.006222681409001521 
0.0966076139729851 -0.007269376659195401 
0.09815891811738399 -0.012424413734794887 
0.10230070859116662 -0.014834828820417312 
0.10674081570125837 -0.016822786340260798 
0.1257986806158801 -0.004095410812845035 
0.12755926484231905 -0.008591774881435366 
0.13188666061858492 -0.010470004859708504 
0.13458394130524515 -0.013948024842547702 
0.13848078922863272 -0.016216445917398403 
0.1422462864991635 -0.018626249316367055 
0.15727721617161278 -0.009800945398456773 
0.16488715106890106 -0.008447958796197808 
0.18245265630261595 0.0027870570503111536 
0.19522877854747747 0.009135114665237448 
0.2115682470963034 0.018922377654658318 
0.21411542587979035 0.014763215218146913 
0.21449636293924096 0.008249086066830724 
0.21839125040391177 0.00501943518666742 
0.2187557678817772 -0.0020191253572676704 
0.22127472052944078 -0.0072422662677996685 
0.22248031579939584 -0.014194226043426655 
0.22270088529057555 -0.02264609121980074 
0.22323813785158889 -0.031429782767306486 
0.22740907460268384 -0.037415184179942496 
0.25962036355321305 -0.01647028592594324 
0.2726905584370858 -0.016207273428473057 
0.2953030666316814 -0.008681904113296501 
0.2996589787184533 -0.023145622234164553 
0.31938164640111316 -0.029581542194793753 
0.5638788153452984 0.16576954810528266 
