# QQ Diagram data for dimension 11
0.04176526000000001 0.0023295505943052297 
0.13108441000000004 0.08544581485587938 
0.14830508999999995 0.12968543973040203 
0.15205791999999996 0.1615133576599398 
0.15360170000000006 0.18702885465683364 
0.16525423999999997 0.20868846993118495 
0.17349225999999998 0.22774228525565895 
0.18496304999999996 0.24491877033923057 
0.19405817000000003 0.2606824299243865 
0.23670100000000002 0.27534932485286 
0.25993726000000006 0.2891454510058102 
0.26452292 0.3022389451740972 
0.28125 0.31475909339721053 
0.29662531000000003 0.3268081729605896 
0.30935922000000005 0.33846916730817905 
0.32169197999999993 0.3498109883536815 
0.32627119000000004 0.3608921338651138 
0.33407799 0.37176333118568006 
0.38453390000000004 0.3824695084296945 
0.42584745999999996 0.39305131235603885 
0.42796610999999996 0.40354631916742206 
0.45868644 0.41399003993826156 
0.48014347999999996 0.42441679506173846 
0.5 0.43486051583257795 
0.51684712 0.4453555226439611 
0.5213414399999999 0.45593732657030556 
0.5321540600000001 0.46664350381431996 
0.5385531100000001 0.4775147011348862 
0.53856968 0.4885958466463185 
0.55190678 0.49993766769182096 
0.55579792 0.5115986620394104 
0.56991526 0.5236477416027895 
0.5722771 0.5361678898259028 
0.5732611400000001 0.5492613839941898 
0.5746527699999999 0.56305751014714 
0.5827638500000001 0.5777244050756135 
0.5917792500000001 0.5934880646607694 
0.62129237 0.610664549744341 
0.6414470800000001 0.6297183650688151 
0.64355372 0.6513779803431664 
0.6472631 0.6768934773400601 
0.64936441 0.7087213952695981 
0.6753904 0.7529610201441206 
0.69462345 0.8360772844056947 
