# detrended QQ Diagram data for dimension 12
0.36074971 0.004929435921196712 
0.44067797000000003 0.02270977769417032 
0.45762712 0.006579955563715045 
0.47651317 0.0016675485662209777 
0.48305085000000003 -0.010873287954859034 
0.4928774 -0.017242124151030547 
0.53019068 0.005824185448908725 
0.53632252 -8.872224988345501E-4 
0.5528017 0.0038051112616156457 
0.55763878 -0.002324579138345162 
0.56104129 -0.009237745951068299 
0.5672669499999999 -0.012802388873199955 
0.57293528 -0.016495658012347203 
0.57677142 -0.021668888417388565 
0.5850110100000001 -0.022148488693783608 
0.59957627 -0.01606376584428848 
0.61334746 -0.010578199978440783 
0.62471086 -0.007343441082691804 
0.6441862599999999 0.004126707071639313 
0.6479315299999999 -4.027802008654824E-5 
0.65017869 -0.005640472937931018 
0.65841829 -0.005209880118636323 
0.66630997 -0.005114521699545627 
0.6731991500000001 -0.006034348880250784 
0.67584746 -0.011233393798095404 
0.7071067799999999 0.012113671110178581 
0.71048209 0.0074837292645097975 
0.7213920399999999 0.0102650381602587 
0.7258331299999999 0.006420504026106499 
0.73182556 0.003932396875601762 
0.7436440700000001 0.00703171659920665 
0.75105932 0.005437596194165284 
0.78072034 0.025737017055017963 
0.79171222 0.02693859413288635 
0.7918432299999999 0.01675392732016312 
0.7955508499999999 0.009494776920202286 
0.8040254200000001 0.006182500680652736 
0.81035174 -3.344272670906534E-4 
0.82920255 0.00426941233284861 
0.83594404 -0.00518448386332282 
0.8778910499999999 0.01768400961559702 
0.8961864399999999 0.012180942618102875 
0.91484069 -0.0022437795123522175 
0.9463652100000001 -0.03286717773937864 
