# QQ Diagram data for dimension 18
0.5850110100000001 0.6883142042822932 
0.6322014 0.7327369886023865 
0.7617877099999999 0.7563815463993773 
0.7764830500000001 0.773392473756409 
0.7923728800000001 0.7870296292515823 
0.79399702 0.7986059485957799 
0.81422147 0.808789557497766 
0.81567797 0.8179697979600117 
0.8194648499999999 0.8263949317899316 
0.81991526 0.8342338826359728 
0.8202139100000001 0.8416074375230954 
0.83103814 0.8486054597826583 
0.89287212 0.8552970483557518 
0.90186077 0.8617368669334389 
0.90730932 0.8679692673121489 
0.90961614 0.8740310805394113 
0.9173728800000001 0.8799535716600992 
0.9311440700000001 0.8857638526943006 
0.9327330500000001 0.8914859361737361 
0.93519366 0.8971415463929123 
0.94156062 0.9027507665396787 
0.9463652100000001 0.9083325760618467 
0.95391949 0.913905318029062 
0.96504237 0.9194871275512301 
0.96504237 0.9250963476979964 
0.96822034 0.9307519579171727 
0.9693073600000001 0.9364740413966082 
0.97245762 0.9422843224308095 
0.97676615 0.9482068135514975 
0.97775424 0.9542686267787599 
0.98252119 0.9605010271574699 
0.98463983 0.9669408457351569 
0.98538027 0.9736324343082504 
0.98728814 0.9806304565678133 
0.98834746 0.988004011454936 
0.98940678 0.9958429623009771 
0.99024912 1.0042680961308972 
0.9904661 1.0134483365931426 
0.9904661 1.0236319454951288 
0.9917472199999999 1.0352082648393264 
0.9936440700000001 1.0488454203344997 
0.99399439 1.0658563476915315 
0.99417373 1.0895009054885223 
0.9999868199999999 1.1339236898086156 
