# detrended QQ Diagram data for dimension 23
0.0 0.05921631166038381 
0.0 0.023047069319154304 
0.0 0.0037955578684471664 
0.0 -0.010054820117590735 
0.0 -0.02115825700249685 
0.023413170964638685 -0.007170580323914433 
0.024577212542851556 -0.01429808156368817 
0.028913867280752993 -0.017436022286466422 
0.04396504822112788 -0.00924462539420285 
0.05802629672900475 -0.0015658879601130465 
0.06313528281191506 -0.002460485347049818 
0.06904716292990248 -0.0022464282468997454 
0.07206504996898637 -0.0046768644602271925 
0.07416011306593663 -0.007825132287596306 
0.08624371390021714 -8.159814932060111E-4 
0.08718033499449862 -0.004814917568513155 
0.08892313041624778 -0.00789424259433466 
0.09349979428105984 -0.008048337190820168 
0.09376346493939097 -0.012443614125083588 
0.09876722692755231 -0.012044676884757646 
0.10561923628350661 -0.009759721258975215 
0.10578644318970273 -0.014137250221992859 
0.11300537829482499 -0.011455668139701836 
0.12248117742728064 -0.006524604876459936 
0.1329396382229183 -6.33197810994135E-4 
0.1336342142107121 -0.004543446571035781 
0.14146610050696176 -0.0013705078673806603 
0.14697115626124224 -5.962105743977375E-4 
0.14968523817606394 -0.0027042491071467 
0.16717498750346177 0.009849943050662502 
0.17453595954872156 0.01213646505603208 
0.1846079486764363 0.016965123259427423 
0.1876047169978543 0.014513568328434118 
0.1930830508627117 0.014294079175454166 
0.1974833157346118 0.012690760577507176 
0.19851334392746195 0.007338277696570278 
0.21181805659118344 0.01378320631218044 
0.21815347849246228 0.012644032752779588 
0.22034058559775904 0.006539597040089745 
0.23351504932686315 0.010288566483137584 
0.234782660030166 4.5274030153436007E-4 
0.23601316884771875 -0.012167128866950844 
0.2495653400146793 -0.017866469150697423 
0.31200316191750577 0.008402110410899555 
