# QQ Diagram data for dimension 21
0.0 -0.1896107749871192 
0.0 -0.013599687972666308 
0.0 0.08008431638502533 
0.0 0.14748467998359316 
0.0 0.20151755071035837 
0.0 0.2473850167547379 
0.0 0.2877343127298189 
0.0 0.3241080819013079 
0.5 0.357489982345934 
0.5 0.3885493200390126 
0.5 0.41776467496795044 
0.5 0.4454921018663108 
0.5 0.472005383206736 
0.5 0.4975211063966008 
0.5 0.5222150012560873 
0.5 0.5462329990412116 
0.5 0.5696989775011485 
0.5 0.5927203593515127 
0.5 0.615392286575744 
1.0 0.6378008347485562 
1.0 0.6600255770839699 
1.0 0.6821417135788185 
1.0 0.704221922784818 
1.0 0.7263380592796665 
1.0 0.7485628016150802 
1.0 0.7709713497878926 
1.0 0.7936432770121238 
1.0 0.816664658862488 
1.0 0.8401306373224249 
1.0 0.864148635107549 
1.0 0.8888425299670357 
1.0 0.9143582531569006 
1.0 0.9408715344973257 
1.0 0.968598961395686 
1.0 0.9978143163246238 
1.0 1.0288736540177024 
1.0 1.0622555544623284 
1.0 1.0986293236338176 
1.0 1.1389786196088987 
1.0 1.184846085653278 
1.0 1.238878956380043 
1.0 1.3062793199786111 
1.0 1.3999633243363028 
1.0 1.5759744113507557 
