# detrended QQ Diagram data for dimension 5
0.044216229999999995 0.12279078315101413 
0.12883725000000004 0.11533620718876728 
0.14048176999999998 0.07797239095449418 
0.1467161 0.048947983839253945 
0.15783898999999996 0.03180499094456202 
0.17181421 0.021785845913638885 
0.17213984000000004 0.001003797206685586 
0.17752575 -0.012638278647313761 
0.18379237999999998 -0.02383451664004968 
0.19491525 -0.02895952668437926 
0.20258173999999995 -0.03657628538171637 
0.21085864000000004 -0.042804263452019486 
0.21877003000000003 -0.04876260303407656 
0.23295573000000003 -0.04792478616442508 
0.26807039 -0.025728091301641665 
0.27118644 -0.03517642856494879 
0.27198094000000006 -0.046657541358354926 
0.27284285 -0.057838665065502504 
0.28389831000000004 -0.058643430726243784 
0.28495762 -0.06930656652587108 
0.31144068 -0.05444979910977271 
0.34745762 -0.03000233738916297 
0.34755515000000003 -0.04145549124720055 
0.37516255 -0.025417569526590855 
0.38276648 -0.029439932110492395 
0.38930085 -0.03462800791011983 
0.39512712 -0.04066196357086105 
0.39586834 -0.051963777278008605 
0.47372585000000006 0.013618119928585248 
0.49028435000000004 0.017612232665278116 
0.50283035 0.017240267528061515 
0.5108547 0.011916734397712958 
0.52839319 0.015585494815655854 
0.53800414 0.010691566745352654 
0.5576705500000001 0.015074728048015795 
0.5789194999999999 0.020075798003685974 
0.6322013999999999 0.05589483001095008 
0.6672541599999999 0.07191960415695076 
0.6704599600000001 0.05401772544999761 
0.68763138 0.047194780419074434 
0.6994750900000001 0.0307726075243826 
0.7355881799999999 0.031626960409142146 
0.74858187 -0.004387685825130827 
0.8594192500000001 0.014374098212622366 
