# detrended QQ Diagram data for dimension 0
0.043432203 0.02419713669691692 
0.06991525400000001 0.010833186239868342 
0.092005099 0.011713988551344118 
0.10805085 0.01250102811405153 
0.11016949 0.002387212107452713 
0.13082627 0.012660095176281333 
0.13351884 0.0062180221104276845 
0.14300847 0.007473025202773542 
0.15355602999999998 0.0104632849314171 
0.1536017 0.003477457681420326 
0.16011025 0.0033719681332980977 
0.17977291 0.016757439356386294 
0.18114407 0.012126279967742792 
0.18114407 0.006349796926985812 
0.18127102 8.863169084190603E-4 
0.18220339000000002 -0.003618727341858502 
0.18684026 -0.004294300402944762 
0.18726345 -0.009082901612775834 
0.1880125 -0.013466530084694228 
0.19491524999999998 -0.011636832395422098 
0.19999735999999999 -0.011586163057731275 
0.20338983 -0.013200546535445168 
0.20550847 -0.016080626464554826 
0.2065678 -0.020028149942268703 
0.20709746 -0.024529930604577865 
0.21572749 -0.020972952915305793 
0.22086864 -0.02096448138722415 
0.22245763 -0.024587282597055227 
0.2309322 -0.021425155658141487 
0.23433178000000002 -0.023462989908419024 
0.23861229 -0.02477290992698583 
0.24943491 -0.01972677296774278 
0.27489407 -2.699323563862821E-4 
0.27789896 -0.0035422311332981016 
0.27789896 -0.010156270681420332 
0.30326346 0.008176732068582881 
0.31461864 0.011974611797226475 
0.31885593 0.007977274889572339 
0.33262712 0.012613821823718674 
0.35355338999999997 0.023156194892547277 
0.35699153 0.014361878885948531 
0.38726081 0.02937244744865586 
0.40254237 0.023444964760131637 
0.44385593 0.024911523303083105 
