# QQ Diagram data for dimension 24
0.0 -0.046259657385081546 
0.0 -0.012964507906201642 
0.03797340196067372 0.004757233273734673 
0.041371231814130216 0.01750702772708579 
0.04408930659847578 0.027728159464502508 
0.04781345832584169 0.036404681859024526 
0.04988102444753317 0.04403735922978344 
0.0510923844270847 0.050918005797096294 
0.05561755869034529 0.05723269530924985 
0.05792951450016648 0.06310803707747123 
0.05871836888162092 0.06863456171826071 
0.06615888144538495 0.07387962234997998 
0.06626056939250068 0.07889500905304925 
0.06984620348801289 0.08372169259940171 
0.07081035487897797 0.08839291493265641 
0.07629509034652297 0.0929362811489758 
0.07745737768967006 0.09737522459137168 
0.08255239299120337 0.10173006588529149 
0.0860336545142493 0.10601880257062926 
0.08759927057450481 0.1102577171394439 
0.09907794128619751 0.1144618620642828 
0.10289065001439636 0.11864546255776098 
0.10755639914174006 0.12282226686315298 
0.10767891817095904 0.12700586735663114 
0.11068267224985534 0.13121001228147003 
0.12395878684742326 0.1354489268502847 
0.12444780071138348 0.13973766353562247 
0.13768333710099598 0.14409250482954228 
0.15011942002725429 0.14853144827193815 
0.15051695128657433 0.15307481448825752 
0.1506445731286053 0.15774603682151225 
0.1525570820403514 0.16257272036786471 
0.17321778749385436 0.16758810707093397 
0.18382213571743342 0.17283316770265325 
0.18471505073210356 0.17835969234344273 
0.18750300047307195 0.1842350341116641 
0.2031317367919155 0.19054972362381767 
0.21450813368874624 0.19743037019113052 
0.23890588550266084 0.20506304756188942 
0.24056320325899594 0.21373956995641147 
0.24926727468115978 0.22396070169382815 
0.2564215891963378 0.23671049614717932 
0.2628367692378283 0.2544322373271156 
0.2720829035133645 0.2877273868059955 
