# QQ Diagram data for dimension 22
0.0 -0.0428037590934303 
0.0 -0.01106690320560165 
0.0 0.005825417589227763 
0.02150840965617868 0.01797849079954973 
0.02401137436944629 0.027721248830015227 
0.025866762737153565 0.03599168897377057 
0.029934050088917148 0.04326713856764383 
0.03819439843697116 0.0498257542200652 
0.05557404054697666 0.05584490097748478 
0.05630374168753085 0.061445262528889204 
0.0781317312733598 0.06671313243878486 
0.08242485143226708 0.07171271153655674 
0.08576747398976435 0.07649336600149642 
0.08824580221287864 0.08109414907423532 
0.08992545802659443 0.08554674689496444 
0.0921625366512153 0.08987747257452394 
0.09303355957762395 0.09410866271874911 
0.09385617137169669 0.09825968689862756 
0.09794002669308045 0.10234770032562082 
0.10094733280405976 0.10638822343174546 
0.10675133610312934 0.11039560419739705 
0.10823762928337353 0.1143834020608062 
0.11464438937337755 0.11836472181418271 
0.11610575608541081 0.12235251967759185 
0.12564471368539196 0.12635990044324344 
0.12573844567502018 0.1304004235493681 
0.1265483226728636 0.13448843697636137 
0.13822427194494932 0.13863946115623982 
0.1384838250080269 0.14287065130046497 
0.141747419788314 0.14720137698002447 
0.14362020131465664 0.1516539748007536 
0.14466631662221452 0.1562547578734925 
0.15184502619254997 0.16103541233843216 
0.15563474231910338 0.16603499143620404 
0.15811955117143006 0.1713028613460997 
0.16176267966098976 0.17690322289750413 
0.17232958718246297 0.1829223696549237 
0.18360988050225674 0.18948098530734508 
0.1947107712319276 0.19675643490121836 
0.2063381447746645 0.2050268750449737 
0.22750774615209238 0.21476963307543914 
0.25574347295060573 0.22692270628576117 
0.2777050728887324 0.24381502708059055 
0.29091170111049725 0.2755518829684192 
