# detrended QQ Diagram data for dimension 26
0.0 0.07239745590347269 
0.0 0.030012981894129848 
0.0 0.007453339117401286 
0.0 -0.008777052999483809 
0.0 -0.021788476562709172 
0.0 -0.03283362408953959 
0.0 -0.042549964778979654 
0.021995291125193127 -0.029313684805988637 
0.0357531008364771 -0.02359442718694612 
0.0591444266095547 -0.007682367143825614 
0.06918110815883552 -0.0046809097537911515 
0.07038315974127046 -0.01015578077125473 
0.07953032608838584 -0.00739316384620714 
0.09379637143697453 7.285497746784553E-4 
0.09766466285689873 -0.0013495895820870296 
0.10328933810272768 -0.0015085852410145623 
0.10617027700067187 -0.004278387844697071 
0.11024331013374097 -0.005749034812960435 
0.11372921320956453 -0.007722661170633485 
0.13945280991541506 0.01260482928004869 
0.13992077076688253 0.007720945370723736 
0.14685322975168955 0.009327712500812407 
0.1528253367448621 0.009982779135409792 
0.1562634636313716 0.008095214167200993 
0.15810535941157244 0.004585265186609372 
0.16367982686371155 0.004763626383580105 
0.16795934630735418 0.0035836163937261467 
0.17307195491324442 0.0031525448982839266 
0.1768663334180957 0.001296181901508514 
0.18538438659798734 0.004030564176643686 
0.18581970370568698 -0.0014805494923464113 
0.21104183984945263 0.017597254923716166 
0.2136602970139965 0.013831162666192248 
0.21826275683744417 0.011756699889741401 
0.22146164512407138 0.007920364017122233 
0.22216106996163842 0.001140523124732229 
0.2260312448875903 -0.003027854041557365 
0.2267839968977639 -0.01103411318358588 
0.24024172211734943 -0.007292728653440411 
0.25308043935285973 -0.0054991589447605516 
0.25621581875572497 -0.015375203105120638 
0.29215786004120325 0.004336446063472499 
0.3395156057699454 0.029134549015486122 
0.34040024299004085 -0.01236528777376128 
